Geneid	D1_BH4	D1_NT	NoD1_BH4	NoD1_NT	RNA_class	NT_sum	treated_sum	ratio
snoRNA__SNORA7B-201__ENSG00000207088.1__3x132142034x132142173	40	2338	22	45	snoRNA	2383	62	0.026017624842635333
snoRNA__SNORD55-201__ENSG00000264294.1__1x44646852x44646932	1050	26095	460	11410	snoRNA	37505	1510	0.040261298493534194
snoRNA__SNORD8-201__ENSG00000200785.1__14x15594768x15594878	193	5219	29	259	snoRNA	5478	222	0.040525739320920046
snoRNA__SNORD116-25-201__ENSG00000252326.1__15x22834319x22834411	24	531	10	70	snoRNA	601	34	0.056572379367720464
snoRNA__SNORD99-201__ENSG00000221539.1__1x28420704x28420778	3471	64039	1279	16276	snoRNA	80315	4750	0.059142127871505946
snoRNA__SNORA31B-201__ENSG00000253051.1__13x44556560x44556694	161	3504	52	94	snoRNA	3598	213	0.05919955530850472
snoRNA__SNORA7A-201__ENSG00000207496.1__3x12841820x12841959	482	11207	226	367	snoRNA	11574	708	0.06117159149818559
miRNA__MIR320A-201__ENSG00000208037.1__8x22518915x22518997	57	724	20	477	miRNA	1201	77	0.06411323896752706
misc_RNA__Y_RNA.218-201__ENSG00000201555.1__6x31631863x31631952	11	113	0	56	misc_RNA	169	11	0.0650887573964497
snoRNA__SNORD42A-201__ENSG00000238649.1__17x29666235x29666299	4547	69524	1601	24497	snoRNA	94021	6148	0.06538964699375671
snoRNA__SNORD32A-201__ENSG00000201675.1__19x52489930x52490014	1382	20859	453	5823	snoRNA	26682	1835	0.06877295555055843
snoRNA__SNORD116-26-201__ENSG00000251815.1__15x22836155x22836251	20	491	17	38	snoRNA	529	37	0.06994328922495274
snoRNA__SNORA18-201__ENSG00000207145.1__11x93649846x93649978	867	16842	352	534	snoRNA	17376	1219	0.07015423572744015
snoRNA__SNORA71B-201__ENSG00000235408.6__20x40152669x40152941	370	7050	182	322	snoRNA	7372	552	0.074877916440586
snoRNA__SNORD69-201__ENSG00000212452.1__3x52725646x52725723	3043	40082	1289	17279	snoRNA	57361	4332	0.07552169592580324
snoRNA__SNORA77-201__ENSG00000221643.1__1x202992780x202992905	30	419	5	29	snoRNA	448	35	0.078125
miRNA__MIR877-201__ENSG00000216101.3__6x30448514x30448600	11	97	1	53	miRNA	150	12	0.08
snoRNA__SNORD88C-201__ENSG00000220988.1__19x53891818x53891909	1932	21676	577	9563	snoRNA	31239	2509	0.08031627132750728
snRNA__RNU1-22P-201__ENSG00000200204.1__16x3112621x3112779	21	143	19	347	snRNA	490	40	0.08163265306122448
misc_RNA__Y_RNA.268-201__ENSG00000202144.1__Xx18959507x18959609	17	178	6	96	misc_RNA	274	23	0.08394160583941605
rRNA_pseudogene__RNA5SP171-201__ENSG00000212373.1__4x170275607x170275722	10	128	2	14	rRNA_pseudogene	142	12	0.08450704225352113
snoRNA__SNORD86-201__ENSG00000212498.1__20x2686563x2686649	87	917	19	309	snoRNA	1226	106	0.0864600326264274
snoRNA__SNORA80D-201__ENSG00000207217.1__7x6134638x6134773	9	144	4	5	snoRNA	149	13	0.087248322147651
snoRNA__SNORD88B-201__ENSG00000221381.1__19x53888520x53888611	18	198	10	117	snoRNA	315	28	0.08888888888888889
snoRNA__SNORA11F-201__ENSG00000221164.1__10x73997471x73997599	16	222	5	13	snoRNA	235	21	0.08936170212765958
snoRNA__SNORD116-29-201__ENSG00000207245.1__15x22843177x22843260	162	2171	80	498	snoRNA	2669	242	0.0906706631697265
snoRNA__SNORD63-201__ENSG00000206989.1__5x139087291x139087359	1978	20985	629	7715	snoRNA	28700	2607	0.09083623693379791
snoRNA__SNORD100-201__ENSG00000221500.1__6x134011823x134011899	15444	139941	6158	91867	snoRNA	231808	21602	0.09318919105466593
snoRNA__SNORA11D-201__ENSG00000221475.1__Xx51462319x51462447	12	170	5	10	snoRNA	180	17	0.09444444444444444
snoRNA__SNORA80B-201__ENSG00000206633.1__2x10476323x10476459	85	1168	31	50	snoRNA	1218	116	0.09523809523809523
sRNA__AP000769.3-201__ENSG00000274072.1__11x65499420x65499477	31	236	4	129	sRNA	365	35	0.0958904109589041
snoRNA__SNORD116-27-201__ENSG00000251896.1__15x22838231x22838323	44	528	13	66	snoRNA	594	57	0.09595959595959595
snoRNA__SNORD13-201__ENSG00000239039.1__8x33784824x33784928	996	12649	452	2358	snoRNA	15007	1448	0.09648830545745318
snoRNA__SNORA64-201__ENSG00000207405.1__16x1982931x1983065	437	5972	189	476	snoRNA	6448	626	0.09708436724565757
snoRNA__SNORD1C-201__ENSG00000274091.1__17x77455538x77455616	704	7929	262	2010	snoRNA	9939	966	0.09719287654693631
snoRNA__SNORA25-201__ENSG00000207112.1__11x93646891x93647027	542	8044	271	319	snoRNA	8363	813	0.09721391845031688
miRNA__MIR1301-201__ENSG00000221445.3__2x25363981x25364063	19	105	1	91	miRNA	196	20	0.10204081632653061
snoRNA__SNORD116-11-201__ENSG00000206609.1__15x22812587x22812679	32	488	25	67	snoRNA	555	57	0.10270270270270271
snoRNA__SNORD83A-201__ENSG00000209482.1__22x39785862x39785957	4891	52771	1830	12648	snoRNA	65419	6721	0.10273773674314801
scaRNA__SCARNA22-201__ENSG00000249784.1__4x1973144x1973269	71	899	25	19	scaRNA	918	96	0.10457516339869281
snoRNA__SNORD71-201__ENSG00000223224.1__16x77575596x77575682	703	6238	166	2029	snoRNA	8267	869	0.1051167291641466
snoRNA__SNORA68-201__ENSG00000207166.1__19x17996673x17996806	303	5076	266	301	snoRNA	5377	569	0.1058210898270411
snoRNA__SNORD96A-201__ENSG00000272296.1__5x181801765x181801844	805	6002	180	3274	snoRNA	9276	985	0.1061880120741699
snoRNA__SNORD58A-201__ENSG00000206602.1__18x49689023x49689088	2292	23084	1387	11305	snoRNA	34389	3679	0.10698188374189421
snoRNA__SNORA30-201__ENSG00000206755.1__16x31097517x31097646	18	302	17	21	snoRNA	323	35	0.10835913312693499
snoRNA__SNORA70-201__ENSG00000207165.1__Xx152636800x152636935	67	784	28	88	snoRNA	872	95	0.10894495412844037
misc_RNA__Y_RNA.17-201__ENSG00000199410.1__Xx16494735x16494838	9	57	5	70	misc_RNA	127	14	0.11023622047244094
snoRNA__SNORD109A-201__ENSG00000274640.1__15x22778634x22778701	79	739	34	285	snoRNA	1024	113	0.1103515625
snoRNA__SNORD83B-201__ENSG00000209480.1__22x39784468x39784561	1104	10942	393	2603	snoRNA	13545	1497	0.11052048726467331
snoRNA__SNORA21-201__ENSG00000199293.1__17x39715913x39716045	272	3332	128	250	snoRNA	3582	400	0.11166945840312674
snoRNA__SNORA2A-201__ENSG00000206612.1__12x48618670x48618805	251	3386	142	122	snoRNA	3508	393	0.11202964652223489
misc_RNA__RNY4P17-201__ENSG00000201818.1__4x172364674x172364770	15	134	5	42	misc_RNA	176	20	0.11363636363636363
snoRNA__SNORD12-201__ENSG00000212304.1__20x51050180x51050270	3477	25348	1062	14465	snoRNA	39813	4539	0.11400798734081832
snoRNA__SNORA15B-1-201__ENSG00000207062.1__7x66276724x66276859	23	259	9	19	snoRNA	278	32	0.11510791366906475
snoRNA__SNORD63B-201__ENSG00000222937.1__5x139085216x139085286	86	725	31	282	snoRNA	1007	117	0.11618669314796425
snoRNA__SNORD48-201__ENSG00000201823.1__6x31688322x31688385	9776	67533	2097	33590	snoRNA	101123	11873	0.11741146920087418
snoRNA__SNORD95-201__ENSG00000264549.1__5x181803263x181803331	4091	31532	1432	15098	snoRNA	46630	5523	0.11844306240617627
snoRNA__SNORD12B-201__ENSG00000222365.1__20x51049816x51049907	4083	29827	1902	19869	snoRNA	49696	5985	0.12043222794591114
rRNA__RNA45S4-1__LOFF_G0010568__21x3112035x3125409	15	112	5	53	rRNA	165	20	0.12121212121212122
snoRNA__SNORD104-201__ENSG00000199753.1__17x65015844x65015914	9841	86239	3032	19414	snoRNA	105653	12873	0.1218422572004581
snoRNA__SNORD49A-201__ENSG00000277370.1__17x16342338x16342409	6525	49962	2037	20173	snoRNA	70135	8562	0.1220788479361232
snoRNA__SNORD46-201__ENSG00000200913.1__1x44647478x44647582	1231	11466	457	2294	snoRNA	13760	1688	0.12267441860465116
snoRNA__SNORD26-201__ENSG00000276788.1__11x62844686x62844761	9158	85946	4764	27198	snoRNA	113144	13922	0.12304673690164745
snoRNA__SNORD65-201__ENSG00000277512.1__17x16343530x16343603	2396	21999	936	5040	snoRNA	27039	3332	0.12322940937164836
snoRNA__SNORD1B-201__ENSG00000199961.1__17x77457855x77457939	870	7983	496	2904	snoRNA	10887	1366	0.12547074492514007
snoRNA__SNORD43-201__ENSG00000263764.1__22x39789701x39789765	3302	16714	722	14898	snoRNA	31612	4024	0.1272934328735923
misc_RNA__Y_RNA.109-201__ENSG00000200291.1__Xx116291802x116291904	67	336	19	335	misc_RNA	671	86	0.12816691505216096
snoRNA__AC092630.1-201__ENSG00000212378.1__2x72773455x72773524	10	72	6	52	snoRNA	124	16	0.12903225806451613
snoRNA__SNORD126-201__ENSG00000238344.1__14x14523342x14523419	405	2411	191	2194	snoRNA	4605	596	0.12942453854505973
snoRNA__SNORD58B-201__ENSG00000271982.1__18x49689404x49689470	1593	8983	560	7622	snoRNA	16605	2153	0.12965974104185488
misc_RNA__Y_RNA.89-201__ENSG00000200090.1__11x47891881x47891980	261	1479	90	1204	misc_RNA	2683	351	0.1308237048080507
snoRNA__SNORD116-13-201__ENSG00000207137.1__15x22815716x22815808	29	291	14	37	snoRNA	328	43	0.13109756097560976
snoRNA__SNORD87-201__ENSG00000254341.2__8x67348945x67349034	2996	31396	2676	11780	snoRNA	43176	5672	0.1313692792292014
snoRNA__SNORA3A-201__ENSG00000200983.1__11x8765980x8766110	351	2975	109	485	snoRNA	3460	460	0.1329479768786127
snoRNA__SNORD14A-201__ENSG00000272034.1__11x17172538x17172629	98	734	40	299	snoRNA	1033	138	0.1335914811229429
snoRNA__SNORD105B-201__ENSG00000238531.1__19x10235965x10236044	1288	6384	461	6642	snoRNA	13026	1749	0.1342699216950714
misc_RNA__Y_RNA.34-201__ENSG00000199580.1__15x72853248x72853351	126	628	48	646	misc_RNA	1274	174	0.13657770800627944
snoRNA__SNORD61-201__ENSG00000206979.1__Xx135187925x135187998	1285	9826	569	3733	snoRNA	13559	1854	0.1367357474740025
miRNA__MIR362-201__ENSG00000208015.1__Xx49324888x49324953	13	39	7	106	miRNA	145	20	0.13793103448275862
snoRNA__SNORD53B-201__ENSG00000265706.1__2x28971573x28971651	457	2693	106	1382	snoRNA	4075	563	0.13815950920245398
snoRNA__SNORA57-201__ENSG00000206597.1__11x62654839x62654988	126	1224	66	165	snoRNA	1389	192	0.13822894168466524
snRNA__RNU1-21P-201__ENSG00000200197.1__11x123792718x123792881	9	19	4	75	snRNA	94	13	0.13829787234042554
snoRNA__SNORA74B-201__ENSG00000212402.1__5x173560835x173561036	62	502	13	37	snoRNA	539	75	0.1391465677179963
snRNA__RNU2-14P-201__ENSG00000222985.1__14x59329194x59329385	6	79	6	7	snRNA	86	12	0.13953488372093023
snoRNA__SNORD116-1-201__ENSG00000207063.1__15x22788135x22788230	39	380	30	111	snoRNA	491	69	0.14052953156822812
snoRNA__SNORD25-201__ENSG00000275043.1__11x62844958x62845027	4291	26705	1927	17144	snoRNA	43849	6218	0.14180483021277565
snoRNA__SNORD116-3-201__ENSG00000207014.1__15x22793518x22793613	282	2318	118	494	snoRNA	2812	400	0.1422475106685633
snRNA__U2-1__ENSG00000276596.1__17x44159308x44159499	141	866	56	506	snRNA	1372	197	0.14358600583090378
snoRNA__SNORD98-201__ENSG00000283551.1__10x69624384x69624451	878	4119	233	3544	snoRNA	7663	1111	0.1449823828787681
snRNA__RNU1-77P-201__ENSG00000212170.1__15x80038289x80038451	46	168	21	294	snRNA	462	67	0.14502164502164502
snoRNA__SNORD116-8-201__ENSG00000207093.1__15x22807090x22807185	117	953	48	179	snoRNA	1132	165	0.14575971731448764
snoRNA__SNORD72-201__ENSG00000212296.1__5x41089079x41089159	106	446	45	587	snoRNA	1033	151	0.14617618586640851
snoRNA__SNORD116-14-201__ENSG00000206621.1__15x22816800x22816892	308	2450	117	445	snoRNA	2895	425	0.14680483592400692
snoRNA__SNORA4-201__ENSG00000263776.1__3x189609641x189609779	152	1516	94	150	snoRNA	1666	246	0.14765906362545017
snoRNA__SNORA49-201__ENSG00000208892.1__12x132080059x132080195	24	195	8	21	snoRNA	216	32	0.14814814814814814
snoRNA__SNORD19C-201__ENSG00000222345.1__3x52724288x52724364	1352	8126	741	5922	snoRNA	14048	2093	0.1489891799544419
snoRNA__SNORD90-201__ENSG00000212447.1__9x135077450x135077561	79	571	42	232	snoRNA	803	121	0.1506849315068493
snoRNA__SNORA77B-201__ENSG00000264346.1__22x20505437x20505562	186	1492	68	174	snoRNA	1666	254	0.1524609843937575
snoRNA__SNORD49B-201__ENSG00000277108.1__17x16341807x16341879	297	1198	118	1524	snoRNA	2722	415	0.15246142542248348
snoRNA__SNORD7-201__ENSG00000207297.1__17x36521594x36521691	96	651	25	136	snoRNA	787	121	0.15374841168996187
snRNA__RNU1-46P-201__ENSG00000207154.1__18x51485493x51485657	15	24	5	106	snRNA	130	20	0.15384615384615385
snoRNA__SNORA36A-201__ENSG00000206948.1__Xx153004937x153005069	19	152	7	17	snoRNA	169	26	0.15384615384615385
snoRNA__SNORD18C-201__ENSG00000199574.1__15x64322723x64322792	727	4597	408	2715	snoRNA	7312	1135	0.15522428884026257
rRNA_pseudogene__RNA5SP245-201__ENSG00000201109.1__7x131340640x131340761	17	88	7	66	rRNA_pseudogene	154	24	0.15584415584415584
snoRNA__SNORD14B-201__ENSG00000201403.1__11x17173663x17173753	137	681	41	460	snoRNA	1141	178	0.15600350569675722
snoRNA__SNORD2-201__ENSG00000238942.1__3x189606825x189606894	4587	20036	1925	21647	snoRNA	41683	6512	0.15622675911042871
snRNA__RNU2-7P-201__ENSG00000222726.1__13x19805324x19805502	119	588	111	875	snRNA	1463	230	0.1572112098427888
snRNA__RNU2-33P-201__ENSG00000222276.1__14x90616217x90616409	180	683	169	1529	snRNA	2212	349	0.1577757685352622
misc_RNA__RNY3-201__ENSG00000202354.1__7x150165934x150166036	875	4266	283	2952	misc_RNA	7218	1158	0.16043225270157938
snoRNA__SNORD6-201__ENSG00000202314.1__11x93647882x93647955	3747	20852	1505	11810	snoRNA	32662	5252	0.16079848141571246
snoRNA__SNORD9-201__ENSG00000199436.1__14x15589624x15589728	18	145	15	57	snoRNA	202	33	0.16336633663366337
snRNA__RNU6-46P-201__ENSG00000206587.1__11x67899250x67899357	20	157	10	26	snRNA	183	30	0.16393442622950818
snRNA__RNU5E-1-201__ENSG00000199347.1__1x11452257x11452377	3261	24761	1193	2387	snRNA	27148	4454	0.16406365109768675
snRNA__RNU7-1-201__ENSG00000238923.1__12x6954981x6955044	43	186	12	149	snRNA	335	55	0.16417910447761194
snoRNA__SNORD107-201__ENSG00000276314.1__15x22718658x22718733	89	488	43	314	snoRNA	802	132	0.16458852867830423
snRNA__RNU1-132P-201__ENSG00000201170.1__1x244551390x244551554	51	172	29	311	snRNA	483	80	0.16563146997929606
snoRNA__SNORD116-2-201__ENSG00000207001.1__15x22790868x22790963	17	109	10	54	snoRNA	163	27	0.1656441717791411
snoRNA__SNORD64-201__ENSG00000276610.1__15x22721756x22721823	218	1092	87	727	snoRNA	1819	305	0.16767454645409566
snoRNA__SNORD111-201__ENSG00000221066.1__16x76349193x76349287	46	310	21	89	snoRNA	399	67	0.16791979949874686
snRNA__RNU2-37P-201__ENSG00000222627.1__3x130809647x130809824	163	607	92	904	snRNA	1511	255	0.1687624090006618
snoRNA__SNORD54-201__ENSG00000238650.1__8x56450836x56450903	477	2124	176	1714	snoRNA	3838	653	0.17014069828035436
miRNA__SNORD138-201__ENSG00000284078.1__5x87103505x87103584	276	1088	85	1033	miRNA	2121	361	0.1702027345591702
snoRNA__SNORD124-201__ENSG00000238793.1__17x40891427x40891531	20	113	9	57	snoRNA	170	29	0.17058823529411765
snoRNA__SNORD59A-201__ENSG00000207031.1__12x56613012x56613087	420	2522	250	1397	snoRNA	3919	670	0.1709619800969635
snoRNA__SNORD3B-2-201__ENSG00000262074.7__17x19136016x19136816	6	53	5	11	snoRNA	64	11	0.171875
misc_RNA__AL449403.1-201__ENSG00000201938.1__9x108274429x108274525	19	31	1	85	misc_RNA	116	20	0.1724137931034483
snRNA__RNU2-30P-201__ENSG00000252018.1__1x52635833x52635974	485	3344	129	215	snRNA	3559	614	0.17252037089069963
snoRNA__SNORD52-201__ENSG00000201754.1__6x31690135x31690202	2332	8823	845	9585	snoRNA	18408	3177	0.17258800521512385
misc_RNA__Y_RNA.129-201__ENSG00000200506.1__14x93814458x93814560	51	279	15	102	misc_RNA	381	66	0.1732283464566929
snoRNA__SNORD12C-201__ENSG00000209042.1__20x51048437x51048526	1820	7982	1097	8784	snoRNA	16766	2917	0.17398306095669808
snoRNA__SNORA37-201__ENSG00000207233.1__18x54425358x54425487	41	288	14	26	snoRNA	314	55	0.1751592356687898
snoRNA__SNORD27-201__ENSG00000275996.1__11x62844406x62844478	11011	46163	4166	40079	snoRNA	86242	15177	0.175981540316783
snoRNA__SNORD117-201__ENSG00000201785.1__6x31389468x31389544	400	1756	162	1430	snoRNA	3186	562	0.17639673571876963
snoRNA__SNORA80A-201__ENSG00000200792.1__21x30747037x30747173	300	2064	79	71	snoRNA	2135	379	0.1775175644028103
snoRNA__SNORD88A-201__ENSG00000221241.1__19x53888931x53889022	257	989	70	839	snoRNA	1828	327	0.17888402625820568
snoRNA__SNORA47-201__ENSG00000238961.1__5x77562065x77562203	8	60	4	7	snoRNA	67	12	0.1791044776119403
miRNA__MIR92B-201__ENSG00000284586.1__1x154333739x154333835	27	77	5	100	miRNA	177	32	0.1807909604519774
snRNA__U2.1-201__ENSG00000273694.1__1x120584361x120584506	311	2005	116	352	snRNA	2357	427	0.18116249469664827
misc_RNA__RNY4P7-201__ENSG00000201470.1__2x128234141x128234237	636	2275	120	1868	misc_RNA	4143	756	0.18247646632874728
snoRNA__SNORD5-201__ENSG00000239195.1__11x93649608x93649681	2776	13207	1109	8057	snoRNA	21264	3885	0.18270316027088035
snoRNA__SNORD56-201__ENSG00000229686.1__20x2687090x2687161	855	3431	403	3370	snoRNA	6801	1258	0.18497279811792383
snoRNA__SNORD116-6-201__ENSG00000207442.1__15x22801684x22801780	25	168	10	21	snoRNA	189	35	0.18518518518518517
misc_RNA__Y_RNA.239-201__ENSG00000201778.1__3x159928089x159928182	2567	8595	506	7955	misc_RNA	16550	3073	0.1856797583081571
misc_RNA__AL109936.1-201__ENSG00000201405.1__1x23203431x23203524	33	118	7	97	misc_RNA	215	40	0.18604651162790697
snRNA__RNVU1-19-201__ENSG00000275538.1__1x120860218x120860386	140	557	92	672	snRNA	1229	232	0.1887713588283157
snoRNA__SNORA61-201__ENSG00000278274.1__1x28421719x28421849	448	2751	178	559	snoRNA	3310	626	0.18912386706948642
snRNA__RNU1-16P-201__ENSG00000202347.1__13x112737757x112737921	136	438	70	648	snRNA	1086	206	0.18968692449355432
snoRNA__SNORD121B-201__ENSG00000238300.1__9x33952895x33952976	184	612	69	719	snoRNA	1331	253	0.19008264462809918
snoRNA__SNORD45A-201__ENSG00000207241.1__1x75624550x75624634	3454	15774	1185	8574	snoRNA	24348	4639	0.19052899622145555
misc_RNA__RNY4P10-201__ENSG00000202441.2__6x33020953x33021049	2874	8932	582	9179	misc_RNA	18111	3456	0.19082325658439622
snoRNA__SNORD4B-201__ENSG00000238597.1__17x29666488x29666560	912	2208	505	5193	snoRNA	7401	1417	0.1914606134306175
misc_RNA__AC010503.1-201__ENSG00000199223.1__19x6562591x6562693	23	100	3	34	misc_RNA	134	26	0.19402985074626866
snRNA__RNU2-2P-201__ENSG00000222328.1__11x62831015x62831206	7530	46321	2985	7580	snRNA	53901	10515	0.19507986864807703
snoRNA__SNORD33-201__ENSG00000199631.1__19x52490579x52490664	915	4723	332	1660	snoRNA	6383	1247	0.19536268212439292
snoRNA__SNORD116-23-201__ENSG00000207375.1__15x22828444x22828536	56	387	34	73	snoRNA	460	90	0.1956521739130435
snRNA__RNU5B-1-201__ENSG00000200156.1__15x63114054x63114170	2670	18010	1340	2471	snRNA	20481	4010	0.19579122113178068
snoRNA__SNORD42B-201__ENSG00000238423.1__17x29663358x29663425	1167	4622	628	4447	snoRNA	9069	1795	0.1979270040798324
snRNA__RNVU1-14-201__ENSG00000207501.1__1x144405857x144406021	42	102	18	200	snRNA	302	60	0.1986754966887417
misc_RNA__Y_RNA.388-201__ENSG00000207069.1__2x25043250x25043352	14	92	9	23	misc_RNA	115	23	0.2
snoRNA__SNORA71D-201__ENSG00000200354.1__20x40161451x40161585	203	1273	93	205	snoRNA	1478	296	0.20027063599458728
snoRNA__SNORD116-12-201__ENSG00000207197.1__15x22813709x22813801	27	165	12	29	snoRNA	194	39	0.20103092783505155
snoRNA__SNORD41-201__ENSG00000209702.1__19x12830938x12831008	2812	12960	765	4825	snoRNA	17785	3577	0.20112454315434355
snoRNA__SNORD11B-201__ENSG00000271852.1__2x202772364x202772454	215	634	60	730	snoRNA	1364	275	0.20161290322580644
snoRNA__SNORD38A-201__ENSG00000202031.1__1x44648831x44648901	279	1276	186	1025	snoRNA	2301	465	0.20208604954367665
snoRNA__SNORD73A-201__ENSG00000208797.1__4x154427710x154427775	305	1675	196	797	snoRNA	2472	501	0.20266990291262135
misc_RNA__Y_RNA.387-201__ENSG00000207061.1__7x157373448x157373550	14	61	0	8	misc_RNA	69	14	0.2028985507246377
snRNA__RNU5F-1-201__ENSG00000199377.1__1x44592726x44592843	419	3143	302	370	snRNA	3513	721	0.20523768858525476
snoRNA__SNORD30-201__ENSG00000277846.1__11x62843057x62843127	40168	117884	13629	143774	snoRNA	261658	53797	0.20560044026935925
snoRNA__SNORD102-201__ENSG00000207500.1__13x26475786x26475858	894	4468	586	2669	snoRNA	7137	1480	0.2073700434356172
misc_RNA__Y_RNA.191-201__ENSG00000201279.1__11x3729187x3729284	215	771	95	722	misc_RNA	1493	310	0.20763563295378432
snoRNA__SNORD70-201__ENSG00000212534.1__2x202757465x202757553	597	2353	299	1959	snoRNA	4312	896	0.2077922077922078
snoRNA__SNORD37-201__ENSG00000206775.1__19x3960699x3960765	1217	5763	698	3409	snoRNA	9172	1915	0.20878761447884867
snRNA__RNU6-145P-201__ENSG00000207307.1__4x79872953x79873059	10	59	4	8	snRNA	67	14	0.208955223880597
snRNA__RNU2-4P-201__ENSG00000277084.1__17x44236999x44237191	11	44	7	42	snRNA	86	18	0.20930232558139536
misc_RNA__Y_RNA.427-201__ENSG00000207292.1__6x150831204x150831317	16	58	2	28	misc_RNA	86	18	0.20930232558139536
misc_RNA__Y_RNA.18-201__ENSG00000199424.1__Xx134880458x134880569	16	63	2	23	misc_RNA	86	18	0.20930232558139536
misc_RNA__RNY4P20-201__ENSG00000252487.1__6x152499449x152499542	145	296	39	582	misc_RNA	878	184	0.20956719817767655
snoRNA__AL732366.2-201__ENSG00000201882.1__Xx19718958x19719028	16	39	14	104	snoRNA	143	30	0.2097902097902098
rRNA_pseudogene__RNA5SP93-201__ENSG00000199395.1__2x56232184x56232298	39	200	10	33	rRNA_pseudogene	233	49	0.21030042918454936
snoRNA__SNORD101-201__ENSG00000206754.1__6x134010328x134010401	697	2702	410	2520	snoRNA	5222	1107	0.21198774415932592
snoRNA__SNORD93-201__ENSG00000221740.1__7x22993247x22993321	306	1263	133	806	snoRNA	2069	439	0.21217979700338327
snoRNA__SNORD18A-201__ENSG00000200623.1__15x64324716x64324788	9158	33815	3416	25347	snoRNA	59162	12574	0.21253507318887124
snoRNA__SNORD14D-201__ENSG00000207118.1__11x123087492x123087579	1448	7525	532	1754	snoRNA	9279	1980	0.2133850630455868
misc_RNA__RNY3P2-201__ENSG00000199788.1__13x48316693x48316795	31	79	4	85	misc_RNA	164	35	0.21341463414634146
snoRNA__AL590229.1-201__ENSG00000200422.1__Xx85573846x85573918	41	102	13	151	snoRNA	253	54	0.2134387351778656
snoRNA__SNORD24-201__ENSG00000206611.1__9x145563335x145563410	1407	5321	665	4385	snoRNA	9706	2072	0.21347620028848135
snoRNA__SNORD116-24-201__ENSG00000207279.1__15x22830695x22830787	86	518	45	93	snoRNA	611	131	0.2144026186579378
snoRNA__SNORD21-201__ENSG00000206680.1__1x92682429x92682524	453	1768	293	1709	snoRNA	3477	746	0.21455277538107564
misc_RNA__Y_RNA.582-201__ENSG00000252759.1__2x201346599x201346695	10	25	1	26	misc_RNA	51	11	0.21568627450980393
snRNA__RNU6-707P-201__ENSG00000201517.1__Xx47564130x47564225	12	21	3	48	snRNA	69	15	0.21739130434782608
misc_RNA__Y_RNA.428-201__ENSG00000207293.1__5x57997411x57997513	13	63	4	15	misc_RNA	78	17	0.21794871794871795
snoRNA__SNORD121A-201__ENSG00000238886.1__9x33971348x33971430	133	515	50	324	snoRNA	839	183	0.21811680572109654
snRNA__U1.22-201__ENSG00000273727.1__1x120368252x120368414	10	49	4	15	snRNA	64	14	0.21875
snoRNA__SNORD58C-201__ENSG00000202093.1__18x49686985x49687049	2407	8184	1041	7423	snoRNA	15607	3448	0.22092650733645158
misc_RNA__Y_RNA.505-201__ENSG00000222881.1__17x41254725x41254832	19	77	4	27	misc_RNA	104	23	0.22115384615384615
misc_RNA__Y_RNA.402-201__ENSG00000207142.1__12x42412568x42412670	1604	7400	338	1366	misc_RNA	8766	1942	0.2215377595254392
snoRNA__SNORD127-201__ENSG00000239043.1__14x39302893x39302979	483	2042	407	1972	snoRNA	4014	890	0.22172396611858494
snoRNA__SNORA60-201__ENSG00000199266.1__20x40176966x40177100	28	90	6	62	snoRNA	152	34	0.2236842105263158
misc_RNA__Y_RNA.158-201__ENSG00000200855.1__11x108091921x108092023	129	490	23	189	misc_RNA	679	152	0.22385861561119294
snoRNA__SNORD82-201__ENSG00000202400.1__2x231944809x231944879	680	1230	266	2983	snoRNA	4213	946	0.2245430809399478
snRNA__RNU1-28P-201__ENSG00000206588.1__14x28752265x28752429	33	160	18	66	snRNA	226	51	0.22566371681415928
snoRNA__SNORD50B-201__ENSG00000275072.1__6x86894423x86894493	335	1222	217	1222	snoRNA	2444	552	0.22585924713584288
snoRNA__SNORA27-201__ENSG00000207051.1__13x26476123x26476249	67	404	49	108	snoRNA	512	116	0.2265625
misc_RNA__RNY4P27-201__ENSG00000200211.1__13x94540695x94540791	40	200	17	51	misc_RNA	251	57	0.22709163346613545
misc_RNA__AL109920.1-201__ENSG00000200314.1__6x107631290x107631392	246	975	50	327	misc_RNA	1302	296	0.22734254992319508
misc_RNA__Y_RNA.74-201__ENSG00000199938.1__6x38390474x38390580	11	31	2	26	misc_RNA	57	13	0.22807017543859648
miRNA__MIR3609-201__ENSG00000266019.1__7x100114986x100115066	45	256	17	15	miRNA	271	62	0.22878228782287824
rRNA_pseudogene__RNA5SP53-201__ENSG00000212601.1__1x93334086x93334206	459	2041	115	461	rRNA_pseudogene	2502	574	0.22941646682653877
misc_RNA__Y_RNA.241-201__ENSG00000201800.1__3x128243592x128243705	135	486	49	316	misc_RNA	802	184	0.22942643391521197
miRNA__MIR29B1-201__ENSG00000283797.1__7x132194950x132195031	11	17	3	44	miRNA	61	14	0.22950819672131148
snRNA__RNVU1-22-201__ENSG00000199879.1__1x146543793x146543950	13	12	4	62	snRNA	74	17	0.22972972972972974
rRNA_pseudogene__RNA5SP517-201__ENSG00000201594.1__Xx144685791x144685908	208	943	57	208	rRNA_pseudogene	1151	265	0.23023457862728064
snoRNA__SNORA44-201__ENSG00000273544.1__1x28422336x28422468	328	1716	158	381	snoRNA	2097	486	0.2317596566523605
snoRNA__AP003499.2-201__ENSG00000273885.1__11x93638175x93638245	71	219	51	305	snoRNA	524	122	0.23282442748091603
snRNA__RNU5D-1-201__ENSG00000200169.1__1x44601991x44602107	10	67	7	6	snRNA	73	17	0.2328767123287671
snoRNA__SNORA67-201__ENSG00000277985.1__17x7482201x7482338	67	386	40	66	snoRNA	452	107	0.23672566371681417
misc_RNA__AL358780.1-201__ENSG00000199222.1__10x21500846x21500948	319	996	57	577	misc_RNA	1573	376	0.23903369357914814
miRNA__MIR200C-201__ENSG00000207713.3__12x6977173x6977241	27	49	18	138	miRNA	187	45	0.24064171122994651
misc_RNA__AC090971.1-201__ENSG00000207484.1__15x49692136x49692234	11	37	2	17	misc_RNA	54	13	0.24074074074074073
snoRNA__SNORA63E-201__ENSG00000199363.1__3x186261234x186261365	7	47	6	6	snoRNA	53	13	0.24528301886792453
snoRNA__SNORD16-201__ENSG00000199673.1__15x64324285x64324384	674	3086	221	561	snoRNA	3647	895	0.2454071839868385
snoRNA__SNORD19B-201__ENSG00000238862.1__3x52723654x52723738	128	375	60	388	snoRNA	763	188	0.24639580602883354
snoRNA__SNORA12-201__ENSG00000212464.1__10x101121411x101121558	14	78	11	23	snoRNA	101	25	0.24752475247524752
rRNA_pseudogene__RNA5SP334-201__ENSG00000201695.1__11x18361919x18362037	28	77	1	40	rRNA_pseudogene	117	29	0.24786324786324787
misc_RNA__RNY4P18-201__ENSG00000212409.1__9x123268986x123269075	43	122	16	116	misc_RNA	238	59	0.24789915966386555
snoRNA__SNORD28-201__ENSG00000274544.1__11x62844015x62844090	778	2686	383	1982	snoRNA	4668	1161	0.2487146529562982
snRNA__RNU11-201__ENSG00000274978.1__1x28490563x28490697	683	3442	414	966	snRNA	4408	1097	0.24886569872958259
snRNA__RNU2-36P-201__ENSG00000222293.1__9x98574184x98574375	70	319	21	46	snRNA	365	91	0.2493150684931507
snoRNA__SNORD35B-201__ENSG00000200530.1__19x52497703x52497790	79	306	29	126	snoRNA	432	108	0.25
misc_RNA__AL163636.1-201__ENSG00000199461.1__14x14876520x14876622	37	132	8	47	misc_RNA	179	45	0.25139664804469275
misc_RNA__Y_RNA.573-201__ENSG00000252612.1__1x184623438x184623531	131	558	42	128	misc_RNA	686	173	0.2521865889212828
misc_RNA__Y_RNA.494-201__ENSG00000222509.1__2x171260333x171260438	230	617	99	687	misc_RNA	1304	329	0.2523006134969325
misc_RNA__AL391647.2-201__ENSG00000238426.1__Xx40718571x40718673	41	143	4	35	misc_RNA	178	45	0.25280898876404495
snRNA__RNU2-46P-201__ENSG00000252847.1__9x108031255x108031368	35	149	10	28	snRNA	177	45	0.2542372881355932
snoRNA__SNORD11-201__ENSG00000238317.2__2x202774066x202774150	85	221	49	306	snoRNA	527	134	0.25426944971537
misc_RNA__Y_RNA.127-201__ENSG00000200494.1__20x16721746x16721848	48	176	9	48	misc_RNA	224	57	0.2544642857142857
snoRNA__SNORD67-201__ENSG00000212135.1__11x46919233x46919344	108	407	34	150	snoRNA	557	142	0.25493716337522443
miRNA__MIR1282-201__ENSG00000221792.1__15x41601021x41601122	3	14	8	29	miRNA	43	11	0.2558139534883721
misc_RNA__Y_RNA.6-201__ENSG00000199224.1__7x117148276x117148377	7	35	4	8	misc_RNA	43	11	0.2558139534883721
snoRNA__AL033518.1-201__ENSG00000200706.1__6x38031955x38032027	33	64	21	147	snoRNA	211	54	0.2559241706161137
snoRNA__SNORD116-21-201__ENSG00000277785.1__15x22825462x22825554	17	99	15	26	snoRNA	125	32	0.256
scaRNA__SCARNA15-201__ENSG00000277864.1__15x80620208x80620335	17	57	4	25	scaRNA	82	21	0.25609756097560976
snoRNA__SNORD57-201__ENSG00000226572.1__20x2687405x2687477	2339	6404	753	5566	snoRNA	11970	3092	0.258312447786132
misc_RNA__Y_RNA.301-201__ENSG00000202459.1__14x96931732x96931841	509	928	141	1586	misc_RNA	2514	650	0.25855210819411295
snoRNA__SNORA10-201__ENSG00000206811.1__16x1982292x1982425	16	70	6	15	snoRNA	85	22	0.25882352941176473
snoRNA__U3.14-201__ENSG00000212195.2__17x59499492x59499688	12	40	1	10	snoRNA	50	13	0.26
snRNA__RNU6-116P-201__ENSG00000206769.1__18x61594868x61594977	10	10	3	40	snRNA	50	13	0.26
snoRNA__SNORD116-18-201__ENSG00000206688.1__15x22822043x22822135	24	124	17	33	snoRNA	157	41	0.2611464968152866
misc_RNA__Y_RNA.138-201__ENSG00000200615.1__11x33139835x33139931	663	1587	167	1581	misc_RNA	3168	830	0.2619949494949495
miRNA__MIR22-201__ENSG00000283824.1__17x1602831x1602916	16	20	5	60	miRNA	80	21	0.2625
misc_RNA__Y_RNA.122-201__ENSG00000200428.1__12x50706752x50706869	155	396	66	442	misc_RNA	838	221	0.2637231503579952
miRNA__MIR23A-201__ENSG00000207980.1__19x13962718x13962791	46	117	26	156	miRNA	273	72	0.26373626373626374
snRNA__RNU6-953P-201__ENSG00000238941.1__15x43162951x43163058	8	34	6	19	snRNA	53	14	0.2641509433962264
snoRNA__SNORD111B-201__ENSG00000221514.1__16x76340689x76340769	75	266	39	164	snoRNA	430	114	0.2651162790697674
misc_RNA__Y_RNA.2-201__ENSG00000199200.2__10x34230507x34230603	10	41	3	8	misc_RNA	49	13	0.2653061224489796
misc_RNA__Y_RNA.391-201__ENSG00000207086.1__2x9640274x9640381	119	330	48	291	misc_RNA	621	167	0.2689210950080515
snRNA__RNU1-63P-201__ENSG00000206629.1__4x70872693x70872857	28	70	7	60	snRNA	130	35	0.2692307692307692
misc_RNA__AP001453.1-201__ENSG00000207024.1__11x64286005x64286107	148	400	29	257	misc_RNA	657	177	0.2694063926940639
snoRNA__SNORD118-201__ENSG00000200463.1__17x8079613x8079747	3227	13297	1298	3499	snoRNA	16796	4525	0.26940938318647295
snRNA__RNU1-19P-201__ENSG00000200176.1__10x87773636x87773801	62	118	17	172	snRNA	290	79	0.27241379310344827
snoRNA__SNORD45C-201__ENSG00000206620.1__1x75623733x75623812	1195	4465	512	1799	snoRNA	6264	1707	0.2725095785440613
snoRNA__SNORD91A-201__ENSG00000212163.6__17x2217516x2217707	296	918	139	671	snoRNA	1589	435	0.2737570799244808
snoRNA__SNORD62A-201__ENSG00000235284.1__9x143698563x143698649	580	1572	112	954	snoRNA	2526	692	0.273950910530483
misc_RNA__Y_RNA.471-201__ENSG00000207497.1__4x189050681x189050778	24	52	10	72	misc_RNA	124	34	0.27419354838709675
misc_RNA__Y_RNA.164-201__ENSG00000200888.1__17x45925316x45925418	163	447	45	310	misc_RNA	757	208	0.2747688243064729
misc_RNA__RNY4P25-201__ENSG00000238711.1__1x150562700x150562796	147	315	48	393	misc_RNA	708	195	0.2754237288135593
miRNA__MIRLET7B-201__ENSG00000284520.1__22x46598373x46598456	63	138	18	156	miRNA	294	81	0.2755102040816326
miRNA__MIR140-201__ENSG00000208017.3__16x75735660x75735760	8	14	5	33	miRNA	47	13	0.2765957446808511
snoRNA__SNORD4A-201__ENSG00000238578.1__17x29665388x29665460	404	1088	129	836	snoRNA	1924	533	0.27702702702702703
snRNA__RNU2-48P-201__ENSG00000222626.1__5x158498968x158499159	14	29	6	43	snRNA	72	20	0.2777777777777778
miRNA__MIR4521-201__ENSG00000283160.1__17x8093108x8093168	534	838	148	1611	miRNA	2449	682	0.27848101265822783
misc_RNA__Y_RNA.449-201__ENSG00000207386.1__2x206507535x206507640	37	104	11	68	misc_RNA	172	48	0.27906976744186046
snoRNA__SNORA71A-201__ENSG00000225091.3__20x40154895x40155029	37	120	18	77	snoRNA	197	55	0.27918781725888325
snRNA__RNU6-235P-201__ENSG00000199514.1__3x38309474x38309581	14	66	5	2	snRNA	68	19	0.27941176470588236
misc_RNA__Y_RNA.339-201__ENSG00000206721.1__3x122929562x122929664	15	41	4	27	misc_RNA	68	19	0.27941176470588236
miRNA__MIR26A2-201__ENSG00000207789.1__12x57792977x57793061	8	1	3	38	miRNA	39	11	0.28205128205128205
snoRNA__SNORA23-201__ENSG00000201998.1__11x9513956x9514138	142	572	61	147	snoRNA	719	203	0.282336578581363
snRNA__RNU5A-1-201__ENSG00000199568.1__15x63105414x63105530	3260	14138	1716	3448	snRNA	17586	4976	0.28295234845900147
misc_RNA__Y_RNA.475-201__ENSG00000212306.1__15x98392949x98393044	59	160	25	135	misc_RNA	295	84	0.2847457627118644
scaRNA__SCARNA8-201__ENSG00000251733.1__9x19076522x19076653	95	389	45	101	scaRNA	490	140	0.2857142857142857
misc_RNA__Y_RNA.453-201__ENSG00000207395.1__15x67228517x67228629	269	554	70	628	misc_RNA	1182	339	0.2868020304568528
misc_RNA__Y_RNA.470-201__ENSG00000207494.1__10x125696012x125696117	110	269	27	204	misc_RNA	473	137	0.28964059196617337
rRNA_pseudogene__RNA5SP263-201__ENSG00000200246.1__8x32537406x32537534	262	527	127	815	rRNA_pseudogene	1342	389	0.28986587183308493
rRNA_pseudogene__RNA5SP143-201__ENSG00000252745.1__3x145338936x145339051	117	405	24	78	rRNA_pseudogene	483	141	0.2919254658385093
misc_RNA__Y_RNA.526-201__ENSG00000238845.1__15x42651621x42651734	258	563	98	656	misc_RNA	1219	356	0.29204265791632483
misc_RNA__Y_RNA.456-201__ENSG00000207404.1__5x109394073x109394183	264	595	69	545	misc_RNA	1140	333	0.29210526315789476
rRNA_pseudogene__RNA5SP226-201__ENSG00000199523.1__6x166775636x166775751	12	30	0	11	rRNA_pseudogene	41	12	0.2926829268292683
snoRNA__SNORA74D-201__ENSG00000252213.1__5x139802254x139802395	143	483	64	221	snoRNA	704	207	0.2940340909090909
miRNA__MIR125A-201__ENSG00000208008.1__19x54780416x54780502	363	480	106	1109	miRNA	1589	469	0.29515418502202645
snRNA__RNU2-59P-201__ENSG00000222414.1__10x102248805x102248996	138	316	35	267	snRNA	583	173	0.2967409948542024
miRNA__MIR15A-201__ENSG00000283785.1__13x49269707x49269790	9	20	2	17	miRNA	37	11	0.2972972972972973
misc_RNA__Y_RNA.482-201__ENSG00000222072.1__10x101790544x101790651	13	39	1	8	misc_RNA	47	14	0.2978723404255319
snRNA__RNU6-222P-201__ENSG00000199308.1__19x57963253x57963360	9	24	3	16	snRNA	40	12	0.3
snRNA__RNU1-34P-201__ENSG00000201291.1__6x76650518x76650675	4	14	11	36	snRNA	50	15	0.3
misc_RNA__Y_RNA.360-201__ENSG00000206840.1__10x38038700x38038813	174	351	50	389	misc_RNA	740	224	0.3027027027027027
snRNA__RNU6-761P-201__ENSG00000206875.1__6x41846649x41846756	15	31	5	35	snRNA	66	20	0.30303030303030304
rRNA__RNA5S2-1__ENSG00000201588.1__1x227880987x227881106	8	25	3	11	rRNA	36	11	0.3055555555555556
snRNA__RNVU1-27-201__ENSG00000274210.1__1x146284583x146284748	23	66	7	32	snRNA	98	30	0.30612244897959184
snRNA__RNU6-41P-201__ENSG00000207472.1__1x182341386x182341493	222	743	22	54	snRNA	797	244	0.30614805520702637
snRNA__RNU6-732P-201__ENSG00000251842.1__5x149592398x149592501	11	30	1	9	snRNA	39	12	0.3076923076923077
snRNA__RNU6-958P-201__ENSG00000252804.1__2x43413688x43413794	19	68	4	6	snRNA	74	23	0.3108108108108108
misc_RNA__RNY1-201__ENSG00000201098.1__7x150169311x150169424	2617	5577	644	4878	misc_RNA	10455	3261	0.31190817790530845
rRNA_pseudogene__RNA5SP151-201__ENSG00000202502.1__3x186065191x186065308	231	756	58	164	rRNA_pseudogene	920	289	0.3141304347826087
misc_RNA__Y_RNA.105-201__ENSG00000200261.1__9x124340439x124340551	10	21	1	14	misc_RNA	35	11	0.3142857142857143
snRNA__RNU4-82P-201__ENSG00000199313.1__9x137085720x137085860	19	59	9	30	snRNA	89	28	0.3146067415730337
misc_RNA__Y_RNA.8-201__ENSG00000199285.1__14x33175950x33176053	121	293	36	205	misc_RNA	498	157	0.3152610441767068
misc_RNA__Y_RNA.660-201__ENSG00000275745.1__16x72344751x72344862	765	1873	148	1023	misc_RNA	2896	913	0.3152624309392265
snoRNA__SCARNA18-201__ENSG00000238835.1__5x83553340x83553474	45	192	37	68	snoRNA	260	82	0.3153846153846154
scaRNA__SCARNA11-201__ENSG00000251898.1__12x6591835x6591971	85	236	33	138	scaRNA	374	118	0.3155080213903743
snoRNA__SNORA9-201__ENSG00000277184.1__7x45145742x45145875	191	807	117	167	snoRNA	974	308	0.3162217659137577
misc_RNA__Y_RNA.64-201__ENSG00000199875.1__11x93635977x93636090	325	672	113	713	misc_RNA	1385	438	0.31624548736462094
snoRNA__SNORA51-201__ENSG00000271798.1__20x2685533x2685665	294	889	80	288	snoRNA	1177	374	0.3177570093457944
snRNA__RNU6-13P-201__ENSG00000206975.1__8x57294159x57294266	147	453	28	97	snRNA	550	175	0.3181818181818182
snoRNA__SNORD10-201__ENSG00000238917.1__17x7481057x7481199	580	2326	250	261	snoRNA	2587	830	0.32083494395052187
rRNA_pseudogene__RNA5SP149-1__ENSG00000201822.1__1x227784835x227784927	53	118	7	69	rRNA_pseudogene	187	60	0.32085561497326204
rRNA_pseudogene__RNA5SP22-201__ENSG00000202263.1__1x77933590x77933699	10	36	9	23	rRNA_pseudogene	59	19	0.3220338983050847
snoRNA__SNORA2B-201__ENSG00000207313.1__12x48629481x48629618	64	299	50	55	snoRNA	354	114	0.3220338983050847
snRNA__RNVU1-2A-202__ENSG00000278099.1__1x143514673x143514838	407	782	230	1196	snRNA	1978	637	0.32204246713852375
misc_RNA__AC245102.1-201__ENSG00000207408.1__Xx52610834x52610947	37	59	11	90	misc_RNA	149	48	0.3221476510067114
rRNA_pseudogene__RNA5SP74-1__ENSG00000200408.1__1x227961585x227961694	1123	3410	325	1084	rRNA_pseudogene	4494	1448	0.32220738762794837
snRNA__RNU1-11P-201__ENSG00000206702.1__6x13087444x13087608	156	317	73	392	snRNA	709	229	0.3229901269393512
miRNA__MIRLET7I-201__ENSG00000199179.3__12x62582503x62582587	15	31	6	34	miRNA	65	21	0.3230769230769231
misc_RNA__Y_RNA.124-201__ENSG00000200436.1__Xx111112602x111112714	139	265	45	304	misc_RNA	569	184	0.3233743409490334
snoRNA__SNORD116-22-201__ENSG00000275127.1__15x22826581x22826673	25	105	19	31	snoRNA	136	44	0.3235294117647059
rRNA_pseudogene__RNA5-8SP4-201__ENSG00000201966.1__19x24151977x24152127	381	1216	103	265	rRNA_pseudogene	1481	484	0.32680621201890614
miRNA__MIR30A-201__ENSG00000207827.1__6x72584044x72584115	233	399	93	596	miRNA	995	326	0.32763819095477387
misc_RNA__Y_RNA.367-201__ENSG00000206905.1__1x179873990x179874094	39	77	4	54	misc_RNA	131	43	0.3282442748091603
misc_RNA__RN7SL546P-201__ENSG00000239224.3__14x96819114x96819404	109	113	28	304	misc_RNA	417	137	0.328537170263789
miRNA__MIR342-201__ENSG00000199082.1__14x94342702x94342801	18	8	13	86	miRNA	94	31	0.32978723404255317
snoRNA__SNORD66-201__ENSG00000212158.1__3x187134955x187135031	452	1063	128	693	snoRNA	1756	580	0.33029612756264237
snoRNA__SNORD3C-201__ENSG00000264940.5__17x19009810x19010391	9065	24880	2787	10677	snoRNA	35557	11852	0.33332395871417725
misc_RNA__Y_RNA.589-201__ENSG00000252919.1__14x43790481x43790583	10	20	2	16	misc_RNA	36	12	0.3333333333333333
misc_RNA__AC091057.2-201__ENSG00000206846.1__15x28467547x28467641	13	22	0	17	misc_RNA	39	13	0.3333333333333333
snRNA__RNU6-378P-201__ENSG00000207052.1__5x32423352x32423459	13	19	10	50	snRNA	69	23	0.3333333333333333
snRNA__RNU4-7P-201__ENSG00000201628.1__6x151527341x151527482	12	16	7	41	snRNA	57	19	0.3333333333333333
snoRNA__SNORA56-201__ENSG00000206693.1__Xx153011409x153011538	8	24	3	9	snoRNA	33	11	0.3333333333333333
scaRNA__SCARNA7-201__ENSG00000238741.1__3x163289515x163289845	94	342	63	128	scaRNA	470	157	0.33404255319148934
snoRNA__SNORD36A-201__ENSG00000199744.1__9x145564395x145564468	315	992	212	585	snoRNA	1577	527	0.33417882054533926
snoRNA__SNORD105-201__ENSG00000209645.1__19x10233859x10233944	450	660	242	1407	snoRNA	2067	692	0.3347847121432027
rRNA_pseudogene__RNA5SP389-201__ENSG00000199480.1__14x100957190x100957305	4913	12351	1281	6071	rRNA_pseudogene	18422	6194	0.33622842253826946
snoRNA__SNORD35A-201__ENSG00000200259.1__19x52491139x52491225	2174	4705	676	3769	snoRNA	8474	2850	0.336322869955157
rRNA_pseudogene__RNA5SP185-201__ENSG00000212265.1__5x57087895x57088009	273	568	83	485	rRNA_pseudogene	1053	356	0.3380816714150047
scaRNA__SCARNA1-201__ENSG00000252947.1__1x27675693x27675859	14	54	8	11	scaRNA	65	22	0.3384615384615385
miRNA__MIR93-201__ENSG00000207757.1__7x101333613x101333693	50	53	28	177	miRNA	230	78	0.3391304347826087
miRNA__MIR425-201__ENSG00000199032.1__3x49048187x49048274	109	116	41	326	miRNA	442	150	0.3393665158371041
snRNA__RNU2-64P-201__ENSG00000223247.1__3x73152506x73152697	12	9	4	38	snRNA	47	16	0.3404255319148936
misc_RNA__Y_RNA.130-201__ENSG00000200521.1__4x161113842x161113943	69	165	18	90	misc_RNA	255	87	0.3411764705882353
miRNA__MIR4449-201__ENSG00000264585.1__4x56199576x56199642	8	34	5	4	miRNA	38	13	0.34210526315789475
snRNA__RNU2-26P-201__ENSG00000222440.1__Xx90250168x90250359	17	41	8	32	snRNA	73	25	0.3424657534246575
snoRNA__AP003499.3-201__ENSG00000275146.1__11x93637922x93638002	20	32	17	76	snoRNA	108	37	0.3425925925925926
rRNA_pseudogene__RNA5SP359-201__ENSG00000201708.1__12x38113057x38113170	197	597	48	118	rRNA_pseudogene	715	245	0.34265734265734266
misc_RNA__RN7SL447P-201__ENSG00000243991.3__3x196437113x196437358	3	24	9	11	misc_RNA	35	12	0.34285714285714286
misc_RNA__Y_RNA.32-201__ENSG00000199565.1__1x152863519x152863621	20	56	2	8	misc_RNA	64	22	0.34375
misc_RNA__Y_RNA.423-201__ENSG00000207281.1__19x43159572x43159678	7	21	4	11	misc_RNA	32	11	0.34375
miRNA__MIR92A1-201__ENSG00000283705.1__13x90553889x90553967	36	52	16	99	miRNA	151	52	0.3443708609271523
rRNA_pseudogene__RNA5SP141-201__ENSG00000201413.1__3x137528805x137528925	2544	6618	733	2870	rRNA_pseudogene	9488	3277	0.3453836424957841
rRNA_pseudogene__RNA5SP60-201__ENSG00000222552.1__1x158315504x158315591	9	15	10	40	rRNA_pseudogene	55	19	0.34545454545454546
misc_RNA__RN7SKP69-201__ENSG00000202260.1__20x17626861x17627166	10	36	6	10	misc_RNA	46	16	0.34782608695652173
miRNA__MIR125B2-201__ENSG00000207863.1__21x14945710x14945799	34	17	14	121	miRNA	138	48	0.34782608695652173
misc_RNA__Y_RNA.370-201__ENSG00000206914.1__12x122763500x122763602	40	63	7	72	misc_RNA	135	47	0.34814814814814815
snRNA__RNU5E-4P-201__ENSG00000201801.1__1x11453923x11454043	242	964	192	276	snRNA	1240	434	0.35
snRNA__RNU6-35P-201__ENSG00000207260.1__4x113294414x113294521	13	38	8	22	snRNA	60	21	0.35
rRNA_pseudogene__RNA5SP121-201__ENSG00000252346.1__2x228245617x228245718	13	20	6	34	rRNA_pseudogene	54	19	0.35185185185185186
snoRNA__SNORD1A-201__ENSG00000278261.1__17x77458380x77458452	131	221	53	301	snoRNA	522	184	0.3524904214559387
misc_RNA__Y_RNA.559-201__ENSG00000252317.1__1x239753043x239753136	32	70	10	49	misc_RNA	119	42	0.35294117647058826
misc_RNA__RN7SKP133-201__ENSG00000201715.1__5x17285000x17285340	3	24	9	10	misc_RNA	34	12	0.35294117647058826
snoRNA__SNORA40-201__ENSG00000210825.1__11x93651491x93651617	70	297	53	49	snoRNA	346	123	0.3554913294797688
misc_RNA__Y_RNA.9-201__ENSG00000199291.1__14x25456451x25456553	57	112	20	104	misc_RNA	216	77	0.35648148148148145
snRNA__RNU2-61P-201__ENSG00000223001.1__6x90272151x90272342	113	294	16	66	snRNA	360	129	0.35833333333333334
snRNA__RNU6-28P-201__ENSG00000199248.1__22x31944014x31944121	26	78	10	22	snRNA	100	36	0.36
rRNA_pseudogene__RNA5SP370-201__ENSG00000199415.1__12x104086930x104087051	3490	7964	1003	4453	rRNA_pseudogene	12417	4493	0.3618426350970444
snRNA__RNU1-104P-201__ENSG00000253089.1__12x127346219x127346394	24	35	14	70	snRNA	105	38	0.3619047619047619
misc_RNA__Y_RNA.371-201__ENSG00000206925.1__19x43162843x43162956	12	12	4	32	misc_RNA	44	16	0.36363636363636365
miRNA__MIR505-201__ENSG00000207633.3__Xx138236063x138236147	12	0	0	33	miRNA	33	12	0.36363636363636365
rRNA_pseudogene__RNA5SP145-201__ENSG00000199994.1__3x153939148x153939273	1957	4411	607	2599	rRNA_pseudogene	7010	2564	0.3657631954350927
snoRNA__SNORA15-201__ENSG00000207168.1__7x56220295x56220428	17	53	9	18	snoRNA	71	26	0.36619718309859156
misc_RNA__Y_RNA.539-201__ENSG00000251803.1__10x17421938x17422051	8	18	3	12	misc_RNA	30	11	0.36666666666666664
misc_RNA__Y_RNA.362-201__ENSG00000206850.1__12x130945928x130946040	139	235	47	272	misc_RNA	507	186	0.3668639053254438
snRNA__RNU6-37P-201__ENSG00000199562.1__1x9842558x9842666	2926	5413	1271	6017	snRNA	11430	4197	0.36719160104986875
rRNA_pseudogene__RNA5SP351-201__ENSG00000238965.1__11x111938640x111938749	45	70	12	85	rRNA_pseudogene	155	57	0.36774193548387096
rRNA_pseudogene__RNA5SP302-201__ENSG00000201766.1__10x14677412x14677512	341	892	57	190	rRNA_pseudogene	1082	398	0.3678373382624769
miRNA__MIR17-201__ENSG00000284536.1__13x90553180x90553264	8	6	6	32	miRNA	38	14	0.3684210526315789
miRNA__MIR27B-201__ENSG00000207864.3__9x107254837x107254934	8	10	6	28	miRNA	38	14	0.3684210526315789
miRNA__MIR222-201__ENSG00000207725.3__Xx45156473x45156583	258	161	99	808	miRNA	969	357	0.3684210526315789
rRNA__RNA45S1-1__LOFF_G0010296__13x9246540x9259894	52	136	20	59	rRNA	195	72	0.36923076923076925
snoRNA__SNORD84-203__ENSG00000265236.1__6x31394192x31394270	159	273	60	320	snoRNA	593	219	0.36930860033726814
miRNA__MIR24-2-201__ENSG00000284387.1__19x13962418x13962491	13	1	4	45	miRNA	46	17	0.3695652173913043
misc_RNA__Y_RNA.90-201__ENSG00000200118.1__3x173029436x173029536	17	31	6	31	misc_RNA	62	23	0.3709677419354839
snRNA__RNU1-134P-201__ENSG00000199805.1__20x65728802x65728967	11	19	5	24	snRNA	43	16	0.37209302325581395
snRNA__RNU6-8-201__ENSG00000202337.1__14x26400789x26400896	235	541	97	351	snRNA	892	332	0.3721973094170404
snoRNA__SNORA40B-201__ENSG00000208308.1__2x135577102x135577230	23	74	12	20	snoRNA	94	35	0.3723404255319149
snRNA__RNU6-842P-201__ENSG00000206996.1__8x13310669x13310776	9	1	6	39	snRNA	40	15	0.375
snoRNA__SNORA58B-201__ENSG00000201129.1__1x153396923x153397059	141	425	71	138	snoRNA	563	212	0.3765541740674956
snRNA__RNU6-1140P-201__ENSG00000222449.1__2x238053080x238053186	13	9	4	36	snRNA	45	17	0.37777777777777777
miRNA__MIR186-201__ENSG00000207721.1__1x70945631x70945717	22	36	6	38	miRNA	74	28	0.3783783783783784
snRNA__RNU2-38P-201__ENSG00000222788.1__1x145606537x145606616	7	28	9	14	snRNA	42	16	0.38095238095238093
miRNA__MIR135B-201__ENSG00000199059.3__1x204712642x204712739	26	1	11	96	miRNA	97	37	0.38144329896907214
rRNA_pseudogene__RNA5SP215-201__ENSG00000200310.1__6x121874083x121874205	36	78	13	50	rRNA_pseudogene	128	49	0.3828125
misc_RNA__Y_RNA.180-201__ENSG00000201134.1__1x150965233x150965335	35	61	6	46	misc_RNA	107	41	0.38317757009345793
miRNA__MIR30D-201__ENSG00000199153.1__8x135922766x135922836	233	268	132	683	miRNA	951	365	0.38380651945320715
snoRNA__SNORD45B-201__ENSG00000201487.1__1x75626138x75626210	326	466	124	702	snoRNA	1168	450	0.3852739726027397
rRNA_pseudogene__RNA5SP388-201__ENSG00000199454.1__14x72386853x72386972	146	212	59	319	rRNA_pseudogene	531	205	0.3860640301318267
misc_RNA__AC021549.1-201__ENSG00000207240.1__18x31572847x31572961	68	112	22	121	misc_RNA	233	90	0.38626609442060084
rRNA_pseudogene__RNA5SP225-201__ENSG00000222806.1__6x154622487x154622622	648	1498	177	626	rRNA_pseudogene	2124	825	0.3884180790960452
snRNA__RNU6-34P-201__ENSG00000201744.1__4x99467309x99467416	51	57	19	123	snRNA	180	70	0.3888888888888889
snoRNA__SNORA3B-201__ENSG00000212607.1__11x8767192x8767323	445	954	171	628	snoRNA	1582	616	0.3893805309734513
rRNA_pseudogene__RNA5SP50-201__ENSG00000200601.1__1x73591034x73591141	74	139	14	86	rRNA_pseudogene	225	88	0.39111111111111113
misc_RNA__AL049766.3-201__ENSG00000277967.1__20x51049982x51050069	9	43	20	31	misc_RNA	74	29	0.3918918918918919
rRNA_pseudogene__RNA5SP502-201__ENSG00000199564.1__Xx40694888x40695007	369	915	90	255	rRNA_pseudogene	1170	459	0.3923076923076923
miRNA__MIR92A2-201__ENSG00000284538.1__Xx132494684x132494759	64	70	31	170	miRNA	240	95	0.3958333333333333
snoRNA__SNORD110-201__ENSG00000221116.1__20x2684678x2684753	1189	2681	425	1382	snoRNA	4063	1614	0.39724341619492987
rRNA_pseudogene__5S_rRNA.19-201__ENSG00000285626.1__2x11594615x11594734	66	96	21	123	rRNA_pseudogene	219	87	0.3972602739726027
snRNA__RNU6-1309P-201__ENSG00000200175.1__1x149936272x149936380	10	0	2	30	snRNA	30	12	0.4
snRNA__RNU6-611P-201__ENSG00000207003.1__19x47872565x47872669	11	17	1	13	snRNA	30	12	0.4
rRNA_pseudogene__RNA5SP352-201__ENSG00000200278.1__11x124665116x124665250	31	66	8	31	rRNA_pseudogene	97	39	0.4020618556701031
miRNA__MIR30C1-201__ENSG00000207962.1__1x40626493x40626582	186	169	82	497	miRNA	666	268	0.4024024024024024
misc_RNA__RNY4-201__ENSG00000252316.1__7x150145493x150145589	4935	8560	1490	7390	misc_RNA	15950	6425	0.40282131661442006
snRNA__RNU12-201__ENSG00000276027.1__22x43096109x43096259	567	1443	362	860	snRNA	2303	929	0.40338688666956146
rRNA__RNA5SP172-201__ENSG00000201931.1__4x180795782x180795900	194	486	44	104	rRNA	590	238	0.4033898305084746
snoRNA__SNORA38B-201__ENSG00000200394.1__17x68615918x68616049	44	117	14	26	snoRNA	143	58	0.40559440559440557
snoRNA__SNORD22-201__ENSG00000277194.1__11x62842304x62842430	572	1369	200	533	snoRNA	1902	772	0.4058885383806519
snRNA__RNVU1-6-201__ENSG00000201558.1__1x145168965x145169129	12	51	12	8	snRNA	59	24	0.4067796610169492
snoRNA__SNORD94-201__ENSG00000208772.1__2x86137931x86138068	122	321	52	105	snoRNA	426	174	0.4084507042253521
miRNA__MIR20A-201__ENSG00000283762.1__13x90553640x90553711	68	113	26	116	miRNA	229	94	0.4104803493449782
snRNA__RNU6-33P-201__ENSG00000207524.1__4x92016485x92016592	22	48	8	25	snRNA	73	30	0.410958904109589
rRNA_pseudogene__RNA5SP99-201__ENSG00000200890.1__2x81496764x81496878	102	186	32	140	rRNA_pseudogene	326	134	0.4110429447852761
snRNA__RNU1-136P-201__ENSG00000206908.1__6x53058797x53058961	18	10	8	53	snRNA	63	26	0.4126984126984127
snRNA__RNU6-98P-201__ENSG00000206900.1__Xx130904777x130904884	28	41	10	51	snRNA	92	38	0.41304347826086957
snoRNA__SNORA79B-201__ENSG00000222489.1__14x14520070x14520218	90	208	39	102	snoRNA	310	129	0.4161290322580645
snoRNA__SNORD92-201__ENSG00000264994.1__2x28957250x28957335	219	453	95	301	snoRNA	754	314	0.41644562334217505
snRNA__RNVU1-7-201__ENSG00000206585.1__1x146768501x146768665	4483	8250	3301	10431	snRNA	18681	7784	0.4166800492478989
snRNA__RNU2-6P-201__ENSG00000223336.1__13x45595404x45595594	96	230	47	113	snRNA	343	143	0.41690962099125367
snRNA__RNU2-3P-201__ENSG00000222076.1__15x93510419x93510610	52	67	17	98	snRNA	165	69	0.41818181818181815
rRNA_pseudogene__RNA5SP216-201__ENSG00000251920.1__6x127168434x127168557	2048	3899	595	2416	rRNA_pseudogene	6315	2643	0.41852731591448933
rRNA_pseudogene__RNA5SP198-201__ENSG00000222308.1__5x152414565x152414692	277	634	51	148	rRNA_pseudogene	782	328	0.4194373401534527
snoRNA__SNORA66-201__ENSG00000207523.1__1x92685860x92685993	264	652	120	261	snoRNA	913	384	0.42059145673603504
snoRNA__SNORA20-201__ENSG00000207392.1__6x161025866x161025998	164	422	93	189	snoRNA	611	257	0.4206219312602291
misc_RNA__RNY1P12-201__ENSG00000201121.1__3x104374668x104374773	24	33	6	38	misc_RNA	71	30	0.4225352112676056
misc_RNA__Y_RNA.352-201__ENSG00000206805.1__17x49342573x49342675	8	17	3	9	misc_RNA	26	11	0.4230769230769231
snoRNA__SNORD91B-201__ENSG00000275084.4__17x2216352x2216574	322	667	175	505	snoRNA	1172	497	0.42406143344709896
misc_RNA__Y_RNA.412-201__ENSG00000207207.1__2x85436523x85436636	17	20	3	27	misc_RNA	47	20	0.425531914893617
miRNA__MIR181A2-201__ENSG00000207595.1__9x136890689x136890799	220	320	75	372	miRNA	692	295	0.4263005780346821
rRNA__RNA5SP343-201__ENSG00000284736.1__11x74128095x74128202	38	64	10	48	rRNA	112	48	0.42857142857142855
snoRNA__SNORA75-201__ENSG00000206885.1__2x231940238x231940375	207	390	69	252	snoRNA	642	276	0.42990654205607476
snRNA__RNU6-27P-201__ENSG00000251955.1__20x17238171x17238278	21	20	7	45	snRNA	65	28	0.4307692307692308
rRNA_pseudogene__RNA5SP259-201__ENSG00000202411.1__8x28808579x28808688	479	994	110	368	rRNA_pseudogene	1362	589	0.43245227606461084
rRNA_pseudogene__RNA5SP308-201__ENSG00000199402.1__10x28906296x28906411	94	221	20	42	rRNA_pseudogene	263	114	0.43346007604562736
misc_RNA__Y_RNA.337-201__ENSG00000206717.1__6x34644242x34644340	50	92	19	67	misc_RNA	159	69	0.4339622641509434
miRNA__MIR182-201__ENSG00000207990.3__7x131083516x131083626	415	345	219	1114	miRNA	1459	634	0.4345442083618917
miRNA__MIR31-201__ENSG00000199177.1__9x21526300x21526371	109	65	38	273	miRNA	338	147	0.4349112426035503
miRNA__MIR151A-201__ENSG00000254324.3__8x141852545x141852635	18	7	9	55	miRNA	62	27	0.43548387096774194
miRNA__MIR15B-201__ENSG00000207779.1__3x163179199x163179297	43	38	15	95	miRNA	133	58	0.43609022556390975
snRNA__RNVU1-21-201__ENSG00000202408.2__1x146472567x146472723	8	9	6	23	snRNA	32	14	0.4375
snoRNA__SNORD14E-201__ENSG00000200879.1__11x123086658x123086743	574	917	241	938	snoRNA	1855	815	0.4393530997304582
snRNA__RNU6-1072P-201__ENSG00000207434.1__1x12466472x12466579	36	10	4	81	snRNA	91	40	0.43956043956043955
misc_RNA__RN7SKP292-201__ENSG00000202392.1__4x6968905x6969222	9	15	2	10	misc_RNA	25	11	0.44
snoRNA__SNORA8-201__ENSG00000207304.1__11x93648741x93648880	531	1188	247	577	snoRNA	1765	778	0.44079320113314446
rRNA_pseudogene__RNA5SP149-201__ENSG00000201822.1__3x182965038x182965130	947	1736	300	1091	rRNA_pseudogene	2827	1247	0.4411036434382738
snoRNA__SNORD36C-201__ENSG00000252542.1__9x145564786x145564852	336	458	131	600	snoRNA	1058	467	0.44139886578449905
rRNA_pseudogene__RNA5SP161-201__ENSG00000200741.1__4x59585385x59585500	2484	6184	465	496	rRNA_pseudogene	6680	2949	0.44146706586826345
snoRNA__SNORA63D-201__ENSG00000201229.1__3x186259277x186259409	17	44	8	12	snoRNA	56	25	0.44642857142857145
snoRNA__U8.1-201__ENSG00000200026.1__9x38171359x38171493	30	24	4	52	snoRNA	76	34	0.4473684210526316
rRNA_pseudogene__RNA5SP368-201__ENSG00000201168.1__12x101741041x101741157	1181	1769	330	1591	rRNA_pseudogene	3360	1511	0.44970238095238096
miRNA__MIR454-201__ENSG00000211514.1__17x60005854x60005969	46	23	17	117	miRNA	140	63	0.45
rRNA_pseudogene__RNA5SP444-201__ENSG00000252653.1__17x67138542x67138648	135	181	27	179	rRNA_pseudogene	360	162	0.45
miRNA__AP003304.1-201__ENSG00000280773.2__11x104256896x104256957	30	69	7	13	miRNA	82	37	0.45121951219512196
rRNA_pseudogene__RNA5SP211-201__ENSG00000202386.1__6x107625845x107625962	35	54	7	39	rRNA_pseudogene	93	42	0.45161290322580644
snRNA__RNU1-89P-201__ENSG00000207322.1__4x139318611x139318775	68	86	27	123	snRNA	209	95	0.45454545454545453
miRNA__MIR21-201__ENSG00000284190.1__17x60710019x60710091	2662	1907	653	5365	miRNA	7272	3315	0.45585808580858084
snoRNA__SNORA73A-201__ENSG00000274266.1__1x28349321x28349527	569	1240	400	885	snoRNA	2125	969	0.456
miRNA__MIR99B-201__ENSG00000207550.1__19x54779774x54779844	20	19	6	38	miRNA	57	26	0.45614035087719296
misc_RNA__Y_RNA.33-201__ENSG00000199567.1__Xx84450821x84450929	34	64	13	39	misc_RNA	103	47	0.4563106796116505
snRNA__RNU1-39P-201__ENSG00000206624.1__5x179437980x179438145	16	19	11	40	snRNA	59	27	0.4576271186440678
rRNA_pseudogene__RNA5SP257-201__ENSG00000274467.1__8x20555258x20555374	57	53	12	97	rRNA_pseudogene	150	69	0.46
misc_RNA__Y_RNA.148-201__ENSG00000200742.1__14x49857250x49857351	27	44	8	32	misc_RNA	76	35	0.4605263157894737
snRNA__RNVU1-2-201__ENSG00000238825.1__1x146418674x146418836	143	124	83	366	snRNA	490	226	0.46122448979591835
snRNA__RNU6-1249P-201__ENSG00000200107.1__17x56427936x56428047	43	31	19	103	snRNA	134	62	0.4626865671641791
misc_RNA__RN7SKP9-201__ENSG00000201793.1__13x98415869x98416168	211	610	169	211	misc_RNA	821	380	0.4628501827040195
snoRNA__SNORD70B-201__ENSG00000212309.1__2x202759142x202759227	199	224	125	476	snoRNA	700	324	0.46285714285714286
snoRNA__SNORD97-201__ENSG00000238622.1__11x10886368x10886510	145	300	74	173	snoRNA	473	219	0.4630021141649049
misc_RNA__Y_RNA.7-201__ENSG00000199245.1__12x88412406x88412515	21	21	6	37	misc_RNA	58	27	0.46551724137931033
miRNA__MIR183-201__ENSG00000207691.1__7x131088038x131088148	22	29	12	44	miRNA	73	34	0.4657534246575342
miRNA__MIR181B1-201__ENSG00000207975.1__1x198117512x198117622	40	12	3	80	miRNA	92	43	0.4673913043478261
rRNA_pseudogene__RNA5SP301-201__ENSG00000199407.1__10x13740834x13740955	15	39	7	8	rRNA_pseudogene	47	22	0.46808510638297873
misc_RNA__Y_RNA.290-201__ENSG00000202368.1__12x96952900x96953002	35	34	9	60	misc_RNA	94	44	0.46808510638297873
snoRNA__SNORA46-201__ENSG00000207493.1__16x64343731x64343866	175	414	77	123	snoRNA	537	252	0.4692737430167598
snRNA__RNU6-1248P-201__ENSG00000212398.1__1x222879767x222879831	14	29	2	5	snRNA	34	16	0.47058823529411764
misc_RNA__Y_RNA.286-201__ENSG00000202332.1__17x76324901x76324999	16	34	9	19	misc_RNA	53	25	0.4716981132075472
miRNA__MIR19B2-201__ENSG00000284107.1__Xx132494817x132494913	11	0	6	36	miRNA	36	17	0.4722222222222222
misc_RNA__Telomerase-vert.1-201__ENSG00000277925.1__3x172548561x172548999	12	29	6	9	misc_RNA	38	18	0.47368421052631576
miRNA__MIR30C2-201__ENSG00000199094.3__6x72557563x72557635	118	65	42	271	miRNA	336	160	0.47619047619047616
rRNA_pseudogene__5S_rRNA.18-201__ENSG00000285609.1__1x182303550x182303676	239	339	67	302	rRNA_pseudogene	641	306	0.47737909516380655
rRNA_pseudogene__RNA5SP382-201__ENSG00000200225.1__14x14611895x14612007	52	82	8	43	rRNA_pseudogene	125	60	0.48
rRNA_pseudogene__RNA5SP494-201__ENSG00000222585.1__22x26176183x26176312	13	20	0	7	rRNA_pseudogene	27	13	0.48148148148148145
snoRNA__SNORD20-201__ENSG00000207280.1__2x231940882x231940962	325	705	179	341	snoRNA	1046	504	0.4818355640535373
snRNA__RNU1-4-201__ENSG00000207389.1__1x16463453x16463617	62654	97999	35886	106389	snRNA	204388	98540	0.48212223809617005
miRNA__MIR221-201__ENSG00000207870.1__Xx45155611x45155721	41	4	29	141	miRNA	145	70	0.4827586206896552
miRNA__AC008670.1-1__ENSG00000263963.1__Mx10106x10180	229	792	349	400	miRNA	1192	578	0.4848993288590604
snoRNA__SNORA48-201__ENSG00000209582.1__17x7478959x7479094	248	402	98	311	snoRNA	713	346	0.485273492286115
miRNA__MIR181B2-201__ENSG00000207737.1__9x136891957x136892046	116	111	33	196	miRNA	307	149	0.48534201954397393
snRNA__RNU6-20P-201__ENSG00000206833.1__16x63625719x63625826	25	44	9	26	snRNA	70	34	0.4857142857142857
miRNA__MIR29A-201__ENSG00000284032.1__7x132194238x132194302	11	7	6	28	miRNA	35	17	0.4857142857142857
snRNA__RNU1-67P-201__ENSG00000207175.1__Xx117801465x117801629	249	308	108	427	snRNA	735	357	0.4857142857142857
snRNA__RNU6-48P-201__ENSG00000206888.1__1x27166452x27166559	50	96	21	50	snRNA	146	71	0.4863013698630137
scaRNA__SCARNA16-201__ENSG00000275143.1__17x77982157x77982344	49	92	24	58	scaRNA	150	73	0.4866666666666667
rRNA_pseudogene__RNA5SP78-201__ENSG00000201492.1__1x228928672x228928790	65	101	14	61	rRNA_pseudogene	162	79	0.4876543209876543
snoRNA__SNORD36B-201__ENSG00000200831.1__9x145564034x145564108	187	262	111	348	snoRNA	610	298	0.4885245901639344
rRNA_pseudogene__RNA5SP329-201__ENSG00000202147.1__11x6075500x6075619	452	903	114	254	rRNA_pseudogene	1157	566	0.4891961970613656
snoRNA__SNORD77B-201__ENSG00000212414.1__8x101129485x101129552	16	0	7	47	snoRNA	47	23	0.48936170212765956
misc_RNA__AL136038.3-201__ENSG00000206822.1__14x57829150x57829262	28	60	20	38	misc_RNA	98	48	0.4897959183673469
scaRNA__SCARNA13-201__ENSG00000252481.1__14x89764047x89764322	76	135	39	99	scaRNA	234	115	0.49145299145299143
rRNA_pseudogene__RNA5-8SP6-201__ENSG00000251705.1__Yx10519282x10519434	5147	9195	1470	4245	rRNA_pseudogene	13440	6617	0.4923363095238095
misc_RNA__RNY1P13-201__ENSG00000201900.1__1x114739163x114739268	26	45	11	30	misc_RNA	75	37	0.49333333333333335
snRNA__RNU6-70P-201__ENSG00000252247.2__13x26564448x26564508	58	121	20	37	snRNA	158	78	0.4936708860759494
misc_RNA__RN7SL564P-201__ENSG00000240606.3__6x123933565x123933815	24	39	20	50	misc_RNA	89	44	0.4943820224719101
rRNA_pseudogene__RNA5SP403-201__ENSG00000200468.1__16x9597847x9597955	56	91	13	48	rRNA_pseudogene	139	69	0.49640287769784175
rRNA_pseudogene__RNA5SP124-201__ENSG00000199609.1__3x14396601x14396710	934	668	88	1389	rRNA_pseudogene	2057	1022	0.49684005833738454
misc_RNA__Y_RNA.584-201__ENSG00000252802.1__1x26431895x26431997	11	20	1	4	misc_RNA	24	12	0.5
rRNA_pseudogene__RNA5SP400-201__ENSG00000252964.1__15x83893013x83893124	9	1	2	21	rRNA_pseudogene	22	11	0.5
misc_RNA__Y_RNA.96-201__ENSG00000200164.1__16x74987772x74987873	13	4	4	30	misc_RNA	34	17	0.5
rRNA_pseudogene__RNA5SP103-201__ENSG00000238379.1__2x128880878x128880996	20	42	5	8	rRNA_pseudogene	50	25	0.5
rRNA_pseudogene__RNA5SP131-201__ENSG00000202322.1__3x50449514x50449633	8	13	3	9	rRNA_pseudogene	22	11	0.5
misc_RNA__Y_RNA.309-201__ENSG00000202536.2__4x116064156x116064258	13	24	7	16	misc_RNA	40	20	0.5
snoRNA__SNORA24-201__ENSG00000275994.1__4x121584165x121584296	156	329	82	146	snoRNA	475	238	0.5010526315789474
snRNA__RNU4ATAC-201__ENSG00000264229.1__2x121966167x121966294	234	541	119	161	snRNA	702	353	0.5028490028490028
snRNA__RNU6-17P-201__ENSG00000206972.1__15x30078866x30078973	64	112	14	43	snRNA	155	78	0.5032258064516129
miRNA__MIR181A1-201__ENSG00000207759.1__1x198117683x198117793	38	45	15	60	miRNA	105	53	0.5047619047619047
rRNA_pseudogene__RNA5SP325-201__ENSG00000200626.1__10x107857001x107857131	35	27	8	58	rRNA_pseudogene	85	43	0.5058823529411764
rRNA_pseudogene__RNA5SP377-201__ENSG00000212154.1__12x131704873x131704984	34	25	5	52	rRNA_pseudogene	77	39	0.5064935064935064
rRNA_pseudogene__RNA5SP221-201__ENSG00000223203.1__6x144642218x144642321	453	981	144	194	rRNA_pseudogene	1175	597	0.5080851063829788
misc_RNA__RN7SKP36-201__ENSG00000200867.1__4x7083970x7084282	25	5	43	128	misc_RNA	133	68	0.5112781954887218
misc_RNA__Y_RNA.10-201__ENSG00000199303.1__6x100815694x100815805	214	178	48	334	misc_RNA	512	262	0.51171875
snRNA__RNU1-1-201__ENSG00000206652.1__1x15955818x15955982	189	254	105	320	snRNA	574	294	0.5121951219512195
snRNA__RNU6-31P-201__ENSG00000207116.1__2x201313460x201313568	67	122	34	75	snRNA	197	101	0.5126903553299492
rRNA_pseudogene__5S_rRNA.20-201__ENSG00000285674.1__19x7887926x7888046	797	687	92	1046	rRNA_pseudogene	1733	889	0.5129832660126947
rRNA_pseudogene__RNA5SP355-201__ENSG00000202187.1__12x28377807x28377942	390	373	80	543	rRNA_pseudogene	916	470	0.5131004366812227
snRNA__RNU6-10P-201__ENSG00000206763.1__7x93943677x93943784	10	8	2	15	snRNA	23	12	0.5217391304347826
snRNA__RNVU1-28-201__ENSG00000277918.1__1x143505788x143505952	1985	2346	1411	4146	snRNA	6492	3396	0.5231053604436229
rRNA_pseudogene__RNA5SP191-201__ENSG00000199455.1__5x130633222x130633324	507	654	123	544	rRNA_pseudogene	1198	630	0.5258764607679466
misc_RNA__VTRNA1-1-201__ENSG00000199990.1__5x141236662x141236761	755	536	195	1268	misc_RNA	1804	950	0.5266075388026608
snRNA__RNU1-27P-201__ENSG00000206596.1__14x28745469x28745633	10887	14266	10948	26997	snRNA	41263	21835	0.5291665656883892
misc_RNA__Y_RNA.157-201__ENSG00000200849.1__10x10243743x10243845	166	308	24	50	misc_RNA	358	190	0.5307262569832403
snRNA__RNU6-36P-201__ENSG00000206899.1__12x97694867x97694974	73	89	26	97	snRNA	186	99	0.532258064516129
miRNA__MIR30E-201__ENSG00000198974.3__1x40623564x40623656	109	52	44	235	miRNA	287	153	0.5331010452961672
rRNA_pseudogene__5S_rRNA.22-201__ENSG00000285912.1__7x153766365x153766484	445	795	93	214	rRNA_pseudogene	1009	538	0.533201189296333
rRNA_pseudogene__RNA5SP19-201__ENSG00000202056.1__1x227744286x227744395	1013	1238	213	1050	rRNA_pseudogene	2288	1226	0.5358391608391608
snoRNA__SNORA38-201__ENSG00000200816.1__6x31476126x31476258	114	173	47	127	snoRNA	300	161	0.5366666666666666
snRNA__RNVU1-17-201__ENSG00000207349.1__1x142771590x142771754	2094	3079	1804	4131	snRNA	7210	3898	0.5406380027739252
rRNA_pseudogene__RNA5SP122-201__ENSG00000207186.1__2x242084836x242084944	12	16	1	8	rRNA_pseudogene	24	13	0.5416666666666666
snoRNA__SNORD116-16-201__ENSG00000207263.1__15x22819426x22819518	136	291	80	107	snoRNA	398	216	0.542713567839196
rRNA_pseudogene__RNA5SP431-201__ENSG00000222244.1__16x85320741x85320861	16	9	3	26	rRNA_pseudogene	35	19	0.5428571428571428
snoRNA__SNORD14C-201__ENSG00000202252.1__11x123087918x123088006	1365	2295	595	1309	snoRNA	3604	1960	0.5438401775804661
rRNA_pseudogene__RNA5SP452-201__ENSG00000199874.1__18x24364844x24364963	831	1344	165	485	rRNA_pseudogene	1829	996	0.5445598687807545
snRNA__RNU6-2-201__ENSG00000207357.1__19x984190x984297	150	252	44	103	snRNA	355	194	0.5464788732394367
misc_RNA__RN7SL118P-201__ENSG00000266420.2__Xx117812235x117812537	15	10	2	21	misc_RNA	31	17	0.5483870967741935
snoRNA__SNORA63-201__ENSG00000200320.1__3x189609329x189609461	451	720	211	478	snoRNA	1198	662	0.5525876460767947
snoRNA__SNORA6-201__ENSG00000206760.1__3x39421315x39421466	174	293	51	114	snoRNA	407	225	0.5528255528255528
snRNA__RNU4-68P-201__ENSG00000201184.1__14x97803449x97803590	11	7	4	20	snRNA	27	15	0.5555555555555556
rRNA__RNA5SP530-201__ENSG00000277049.1__15x16606282x16606400	29	43	6	20	rRNA	63	35	0.5555555555555556
snRNA__RNU6ATAC2P-201__ENSG00000210678.1__5x57125137x57125263	76	122	39	85	snRNA	207	115	0.5555555555555556
rRNA_pseudogene__RNA5SP289-201__ENSG00000199202.1__9x108076349x108076486	48	49	12	59	rRNA_pseudogene	108	60	0.5555555555555556
miRNA__MIR200B-201__ENSG00000207730.3__1x595700x595795	35	6	18	89	miRNA	95	53	0.5578947368421052
rRNA_pseudogene__RNA5SP442-201__ENSG00000201920.1__17x42574600x42574707	1804	2202	354	1665	rRNA_pseudogene	3867	2158	0.5580553400568916
snoRNA__SNORA80E-201__ENSG00000207475.1__1x155058040x155058177	234	275	141	395	snoRNA	670	375	0.5597014925373134
snRNA__RNU5E-6P-201__ENSG00000202444.1__1x44691111x44691226	238	367	144	315	snRNA	682	382	0.5601173020527859
rRNA_pseudogene__RNA5SP482-201__ENSG00000212571.1__20x33775213x33775331	16	2	2	30	rRNA_pseudogene	32	18	0.5625
misc_RNA__Y_RNA.252-201__ENSG00000201933.1__7x43254906x43255019	11	1	7	31	misc_RNA	32	18	0.5625
rRNA_pseudogene__RNA5SP481-201__ENSG00000252623.1__20x33732982x33733104	5051	9259	1020	1524	rRNA_pseudogene	10783	6071	0.5630158582954651
misc_RNA__Y_RNA.439-201__ENSG00000207356.1__1x39814335x39814444	19	13	3	26	misc_RNA	39	22	0.5641025641025641
scaRNA__SCARNA5-201__ENSG00000252010.1__2x233763810x233764086	36	94	42	44	scaRNA	138	78	0.5652173913043478
rRNA_pseudogene__RNA5SP286-201__ENSG00000212454.1__9x85902371x85902477	495	764	80	250	rRNA_pseudogene	1014	575	0.5670611439842209
rRNA__5_8S_rRNA.3-201__ENSG00000275877.1__20x29956144x29956296	10677	15404	4087	10481	rRNA	25885	14764	0.5703689395402743
snRNA__RNU4-46P-201__ENSG00000222750.1__16x19429483x19429623	81	113	60	134	snRNA	247	141	0.5708502024291497
snRNA__U6.102-201__ENSG00000283489.1__11x132564321x132564400	36	45	16	46	snRNA	91	52	0.5714285714285714
snRNA__RNVU1-32-201__ENSG00000207110.1__8x129126971x129127135	13	2	3	26	snRNA	28	16	0.5714285714285714
snRNA__RNU6ATAC-201__ENSG00000221676.1__9x146378165x146378291	63	81	21	66	snRNA	147	84	0.5714285714285714
snRNA__RNU6-30P-201__ENSG00000207291.1__Xx100078636x100078743	7	6	5	15	snRNA	21	12	0.5714285714285714
snRNA__RNVU1-31-201__ENSG00000270722.1__1x144582484x144582648	1828	2557	1133	2612	snRNA	5169	2961	0.5728380731282646
rRNA_pseudogene__RNA5SP378-201__ENSG00000200516.1__12x131845413x131845533	68	111	14	32	rRNA_pseudogene	143	82	0.5734265734265734
scaRNA__SCARNA3-201__ENSG00000252906.1__1x175323721x175323864	53	68	13	47	scaRNA	115	66	0.5739130434782609
rRNA_pseudogene__RNA5-8SP2-201__ENSG00000200434.1__16x35740728x35740880	4554	6438	1424	3925	rRNA_pseudogene	10363	5978	0.5768599826305124
snRNA__RNU6-1266P-201__ENSG00000199664.1__10x78646007x78646112	9	0	6	26	snRNA	26	15	0.5769230769230769
misc_RNA__RN7SL97P-201__ENSG00000242216.3__18x26012775x26013074	12	18	3	8	misc_RNA	26	15	0.5769230769230769
miRNA__MIRLET7A2-201__ENSG00000198975.2__11x122175522x122175594	89	125	32	84	miRNA	209	121	0.5789473684210527
snoRNA__SNORD15A-201__ENSG00000206941.1__11x75329978x75330126	224	326	77	193	snoRNA	519	301	0.5799614643545279
snoRNA__SNORA54-201__ENSG00000207008.1__11x3052992x3053115	64	128	41	53	snoRNA	181	105	0.580110497237569
miRNA__MIR16-2-201__ENSG00000198987.1__3x163179356x163179437	23	1	9	54	miRNA	55	32	0.5818181818181818
snRNA__RNVU1-1-201__ENSG00000207340.1__1x146444789x146444953	142	149	66	207	snRNA	356	208	0.5842696629213483
misc_RNA__Y_RNA.266-201__ENSG00000202137.1__2x202289584x202289686	16	23	1	6	misc_RNA	29	17	0.5862068965517241
misc_RNA__Y_RNA.351-201__ENSG00000206797.1__20x494412x494512	16	22	1	7	misc_RNA	29	17	0.5862068965517241
rRNA_pseudogene__RNA5SP214-201__ENSG00000200248.1__6x118244500x118244618	12	26	5	3	rRNA_pseudogene	29	17	0.5862068965517241
snRNA__RNU6ATAC10P-201__ENSG00000221562.1__5x130493696x130493807	18	34	9	12	snRNA	46	27	0.5869565217391305
snoRNA__SNORD34-201__ENSG00000202503.1__19x52490868x52490939	1247	1440	499	1534	snoRNA	2974	1746	0.5870880968392737
rRNA_pseudogene__RNA5SP199-201__ENSG00000200275.1__5x156378274x156378366	328	359	46	276	rRNA_pseudogene	635	374	0.5889763779527559
rRNA_pseudogene__RNA5SP174-201__ENSG00000199572.1__4x193383344x193383462	12	11	1	11	rRNA_pseudogene	22	13	0.5909090909090909
rRNA_pseudogene__RNA5SP202-1__ENSG00000201185.1__1x227983949x227984068	386	626	47	106	rRNA_pseudogene	732	433	0.5915300546448088
snRNA__RNU1-88P-201__ENSG00000238554.1__6x36460186x36460314	200	212	159	393	snRNA	605	359	0.5933884297520661
miRNA__MIRLET7A3-201__ENSG00000283990.1__22x46597436x46597510	57	51	19	77	miRNA	128	76	0.59375
snoRNA__SNORD123-201__ENSG00000239112.1__5x9488600x9488670	15	25	13	22	snoRNA	47	28	0.5957446808510638
snoRNA__SNORA79-201__ENSG00000221303.1__14x75414918x75415058	33	51	19	36	snoRNA	87	52	0.5977011494252874
rRNA_pseudogene__RNA5SP202-201__ENSG00000201185.1__6x4296934x4297053	300737	416985	66370	196755	rRNA_pseudogene	613740	367107	0.5981474239906149
snRNA__RNU6-463P-201__ENSG00000207068.1__10x106424582x106424689	123	188	29	66	snRNA	254	152	0.5984251968503937
snoRNA__SNORD116-7-201__ENSG00000207133.1__15x22804446x22804541	8	12	4	8	snoRNA	20	12	0.6
scaRNA__SCARNA14-201__ENSG00000252712.1__15x64168622x64168758	22	9	17	56	scaRNA	65	39	0.6
miRNA__MIRLET7D-201__ENSG00000199133.3__9x106346881x106346968	14	2	1	23	miRNA	25	15	0.6
rRNA_pseudogene__RNA5SP513-201__ENSG00000201518.1__Xx127755311x127755429	26	32	6	21	rRNA_pseudogene	53	32	0.6037735849056604
snoRNA__SNORD23-201__ENSG00000221803.1__19x50586662x50586772	15	12	5	21	snoRNA	33	20	0.6060606060606061
snoRNA__SNORD53-201__ENSG00000265145.1__2x28970657x28970735	122	149	74	174	snoRNA	323	196	0.6068111455108359
rRNA_pseudogene__RNA5SP473-201__ENSG00000252211.1__19x61459845x61459970	66	78	16	57	rRNA_pseudogene	135	82	0.6074074074074074
snoRNA__SNORA74A-201__ENSG00000200959.1__5x139804856x139805054	773	985	314	797	snoRNA	1782	1087	0.6099887766554434
rRNA_pseudogene__RNA5SP376-201__ENSG00000212251.1__12x131341378x131341489	8	4	3	14	rRNA_pseudogene	18	11	0.6111111111111112
snoRNA__SNORA69-201__ENSG00000206622.1__Xx118162476x118162608	79	140	44	61	snoRNA	201	123	0.6119402985074627
rRNA_pseudogene__RNA5-8SP6-1__ENSG00000251705.1__14x7616798x7616950	64671	66095	19518	70965	rRNA_pseudogene	137060	84189	0.6142492339121552
snoRNA__SNORA11-201__ENSG00000221716.1__Xx54105252x54105380	12	10	4	16	snoRNA	26	16	0.6153846153846154
rRNA__5_8S_rRNA.7-201__ENSG00000283274.1__14x9677674x9677825	912	412	383	1686	rRNA	2098	1295	0.617254528122021
snRNA__RNU6ATAC28P-201__ENSG00000238561.1__14x77963655x77963773	8	17	5	4	snRNA	21	13	0.6190476190476191
miRNA__MIR26A1-201__ENSG00000199075.1__3x37973583x37973660	25	18	3	27	miRNA	45	28	0.6222222222222222
snoRNA__SNORA58-201__ENSG00000249020.1__3x134222848x134222985	83	98	39	98	snoRNA	196	122	0.6224489795918368
snRNA__RNU5A-8P-201__ENSG00000200972.1__1x209612817x209612931	302	529	237	335	snRNA	864	539	0.6238425925925926
snoRNA__SNORA5C-201__ENSG00000201772.1__7x45265706x45265843	75	123	33	50	snoRNA	173	108	0.6242774566473989
misc_RNA__RN7SL792P-201__ENSG00000239888.3__17x15314409x15314714	10	18	10	14	misc_RNA	32	20	0.625
rRNA_pseudogene__RNA5SP514-201__ENSG00000200587.1__Xx130263055x130263166	352	247	95	468	rRNA_pseudogene	715	447	0.6251748251748251
rRNA_pseudogene__RNA5SP298-201__ENSG00000201861.1__10x275213x275324	1033	1347	170	576	rRNA_pseudogene	1923	1203	0.625585023400936
rRNA_pseudogene__5S_rRNA.23-201__ENSG00000288601.1__16x53247164x53247279	21	32	6	11	rRNA_pseudogene	43	27	0.627906976744186
rRNA_pseudogene__RNA5SP48-201__ENSG00000200839.1__1x51854581x51854707	266	229	83	326	rRNA_pseudogene	555	349	0.6288288288288288
snRNA__RNU6-888P-201__ENSG00000199880.1__5x138649328x138649429	27	22	11	38	snRNA	60	38	0.6333333333333333
misc_RNA__Y_RNA.288-201__ENSG00000202357.1__19x11535748x11535857	822	1315	160	233	misc_RNA	1548	982	0.6343669250645995
snRNA__RNU6-737P-201__ENSG00000202240.1__18x57485459x57485566	40	22	21	74	snRNA	96	61	0.6354166666666666
snRNA__RNU4-1-201__ENSG00000200795.1__12x120280273x120280414	3417	3382	1474	4311	snRNA	7693	4891	0.6357727804497595
misc_RNA__Y_RNA.238-201__ENSG00000201774.1__7x11032563x11032660	7	13	7	9	misc_RNA	22	14	0.6363636363636364
snoRNA__SNORD3C-1__ENSG00000264940.5__17x19137650x19138225	142	158	22	99	snoRNA	257	164	0.6381322957198443
snoRNA__SNORA14A-201__ENSG00000201643.1__7x77231392x77231527	17	25	6	11	snoRNA	36	23	0.6388888888888888
miRNA__MIR191-201__ENSG00000207605.3__3x49048657x49048749	152	88	96	300	miRNA	388	248	0.6391752577319587
snRNA__RNU4-2-201__ENSG00000202538.1__12x120278940x120279081	3114	3465	1466	3680	snRNA	7145	4580	0.6410076976906928
misc_RNA__RN7SKP273-201__ENSG00000223324.1__11x111693259x111693573	29	20	21	58	misc_RNA	78	50	0.6410256410256411
snoRNA__SNORA14B-201__ENSG00000207181.1__1x234519518x234519653	90	106	34	87	snoRNA	193	124	0.6424870466321243
snRNA__RNU6-1024P-201__ENSG00000206926.1__3x15435520x15435627	16	22	2	6	snRNA	28	18	0.6428571428571429
snRNA__U2-1__ENSG00000278048.1__17x44140854x44141045	640	618	153	613	snRNA	1231	793	0.644191714053615
miRNA__MIRLET7A1-201__ENSG00000199165.3__9x106344004x106344084	40	39	22	57	miRNA	96	62	0.6458333333333334
misc_RNA__AC217773.1-201__ENSG00000238723.1__17x47076733x47076835	39	53	3	12	misc_RNA	65	42	0.6461538461538462
misc_RNA__Y_RNA.152-201__ENSG00000200764.1__2x208162460x208162560	26	1	9	53	misc_RNA	54	35	0.6481481481481481
rRNA_pseudogene__RNA5SP283-1__ENSG00000202474.1__20x30355635x30355754	72	65	29	90	rRNA_pseudogene	155	101	0.6516129032258065
rRNA_pseudogene__RNA5SP440-201__ENSG00000276036.1__17x39594886x39595005	90	133	19	33	rRNA_pseudogene	166	109	0.6566265060240963
snoRNA__SNORD68-201__ENSG00000200084.1__16x95641983x95642067	1288	1625	1006	1859	snoRNA	3484	2294	0.6584385763490241
snRNA__RNU1-42P-201__ENSG00000200903.1__17x49813074x49813234	129	64	86	262	snRNA	326	215	0.6595092024539877
snRNA__RNU6-1201P-201__ENSG00000206954.1__17x48950489x48950596	34	2	9	63	snRNA	65	43	0.6615384615384615
rRNA_pseudogene__RNA5SP134-201__ENSG00000252301.1__3x63589055x63589151	88	41	17	117	rRNA_pseudogene	158	105	0.6645569620253164
snRNA__U6.99-201__ENSG00000283414.1__1x43586958x43587048	19	5	9	37	snRNA	42	28	0.6666666666666666
rRNA__RNA45S1-1__LOFF_G0010300__13x9295789x9309130	7	14	5	4	rRNA	18	12	0.6666666666666666
snRNA__RNU1-148P-201__ENSG00000207201.1__8x24352066x24352228	130	105	57	172	snRNA	277	187	0.6750902527075813
rRNA_pseudogene__RNA5SP242-201__ENSG00000201041.1__7x130009609x130009727	1033	1240	172	540	rRNA_pseudogene	1780	1205	0.6769662921348315
snoRNA__SNORD89-201__ENSG00000212283.1__2x101731638x101731752	45	54	18	39	snoRNA	93	63	0.6774193548387096
snRNA__RNU6-1329P-201__ENSG00000202534.1__12x92933519x92933626	44	11	22	86	snRNA	97	66	0.6804123711340206
misc_RNA__7SK.6-201__ENSG00000271394.1__17x36837464x36837711	226	379	97	95	misc_RNA	474	323	0.6814345991561181
snRNA__RNU6-94P-201__ENSG00000271819.1__15x48155579x48155686	13	8	2	14	snRNA	22	15	0.6818181818181818
snRNA__RNU6-637P-201__ENSG00000206777.1__3x172504137x172504244	22	21	6	20	snRNA	41	28	0.6829268292682927
rRNA_pseudogene__RNA5SP428-201__ENSG00000201999.1__16x72096221x72096353	20	21	2	11	rRNA_pseudogene	32	22	0.6875
rRNA_pseudogene__RNA5SP149-1__ENSG00000201822.1__8x93292560x93292652	278	434	59	56	rRNA_pseudogene	490	337	0.6877551020408164
snRNA__RNU6-49P-201__ENSG00000206983.1__Xx37273691x37273798	24	1	7	44	snRNA	45	31	0.6888888888888889
snoRNA__SNORA65-201__ENSG00000201302.1__9x139655449x139655579	532	687	357	601	snoRNA	1288	889	0.6902173913043478
rRNA_pseudogene__RNA5SP338-201__ENSG00000222427.1__11x22808980x22809065	101	82	51	137	rRNA_pseudogene	219	152	0.6940639269406392
snRNA__RNU1-18P-201__ENSG00000199932.1__6x123399781x123399945	72	90	22	45	snRNA	135	94	0.6962962962962963
snRNA__RNU6-431P-201__ENSG00000206601.1__4x111955052x111955159	30	33	7	20	snRNA	53	37	0.6981132075471698
rRNA_pseudogene__RNA5SP323-201__ENSG00000212396.1__10x94390542x94390675	79	7	16	129	rRNA_pseudogene	136	95	0.6985294117647058
snRNA__RNU6-25P-201__ENSG00000206600.1__3x197912665x197912772	59	59	13	44	snRNA	103	72	0.6990291262135923
rRNA_pseudogene__5S_rRNA.21-201__ENSG00000285776.1__Xx68105890x68106009	132354	147240	36933	94668	rRNA_pseudogene	241908	169287	0.6997990971774394
snRNA__RNVU1-15-201__ENSG00000207205.1__1x143653860x143654025	58	53	26	67	snRNA	120	84	0.7
snRNA__RNU1-138P-201__ENSG00000206820.1__4x116729061x116729225	39	1	22	86	snRNA	87	61	0.7011494252873564
snoRNA__SNORA62-201__ENSG00000202363.1__3x39423978x39424131	292	390	127	206	snoRNA	596	419	0.7030201342281879
snoRNA__SNORA33-201__ENSG00000200534.1__6x134012240x134012370	320	338	153	334	snoRNA	672	473	0.7038690476190477
snRNA__RNU6-21P-201__ENSG00000207441.1__16x67975307x67975414	13	16	4	8	snRNA	24	17	0.7083333333333334
snoRNA__SNORA41-201__ENSG00000207406.1__2x206644121x206644253	144	153	77	157	snoRNA	310	221	0.7129032258064516
snRNA__RNU6-537P-201__ENSG00000253086.1__1x10693927x10694030	37	9	13	61	snRNA	70	50	0.7142857142857143
rRNA_pseudogene__RNA5SP25-201__ENSG00000222747.1__13x20564118x20564228	23	22	2	13	rRNA_pseudogene	35	25	0.7142857142857143
snRNA__RNU6-43P-201__ENSG00000207029.1__10x103476556x103476663	19	5	15	42	snRNA	47	34	0.723404255319149
snoRNA__SNORA9B-201__ENSG00000206897.1__12x123615573x123615706	34	49	14	17	snoRNA	66	48	0.7272727272727273
rRNA_pseudogene__RNA5SP175-201__ENSG00000201145.1__4x193385908x193386027	15	13	1	9	rRNA_pseudogene	22	16	0.7272727272727273
snoRNA__SNORA5A-201__ENSG00000206838.1__7x45265149x45265283	69	40	27	92	snoRNA	132	96	0.7272727272727273
miRNA__MIR125B1-201__ENSG00000207971.1__11x122128758x122128846	28	2	10	50	miRNA	52	38	0.7307692307692307
snoRNA__SNORA1-201__ENSG00000206834.1__11x93648384x93648514	611	610	196	492	snoRNA	1102	807	0.7323049001814882
rRNA__RNA5SP150-201__ENSG00000199839.1__3x184627429x184627548	12278	12620	3111	8364	rRNA	20984	15389	0.7333682805947388
misc_RNA__RN7SL752P-201__ENSG00000239437.3__3x132335776x132336063	10	5	4	14	misc_RNA	19	14	0.7368421052631579
rRNA_pseudogene__RNA5SP199-1__ENSG00000200275.1__1x227778115x227778207	2960	2670	770	2390	rRNA_pseudogene	5060	3730	0.7371541501976284
scaRNA__SCARNA6-201__ENSG00000251791.1__2x233776758x233777023	29	18	19	47	scaRNA	65	48	0.7384615384615385
rRNA__RNA5SP528-201__ENSG00000275305.1__20x29620214x29620333	113	41	37	162	rRNA	203	150	0.7389162561576355
snRNA__RNU6-7-201__ENSG00000201654.1__14x26399671x26399778	32	45	19	24	snRNA	69	51	0.7391304347826086
rRNA__RNA5S1-1__ENSG00000199352.1__1x227813861x227813980	47942	47819	12102	32721	rRNA	80540	60044	0.7455177551527191
rRNA_pseudogene__RNA5SP493-201__ENSG00000200985.1__22x22205919x22206010	184	202	31	86	rRNA_pseudogene	288	215	0.7465277777777778
scaRNA__AL158048.1-201__ENSG00000252404.1__1x8616737x8616921	5	11	7	5	scaRNA	16	12	0.75
misc_RNA__RN7SL408P-201__ENSG00000266875.2__6x135321496x135321792	16	1	2	23	misc_RNA	24	18	0.75
miRNA__MIR23B-201__ENSG00000207563.1__9x107254600x107254697	17	1	4	27	miRNA	28	21	0.75
miRNA__AL928646.1-201__ENSG00000275110.1__Xx107502053x107502107	76	103	74	97	miRNA	200	150	0.75
rRNA_pseudogene__RNA5SP305-201__ENSG00000199535.1__10x24658961x24659080	33	25	4	24	rRNA_pseudogene	49	37	0.7551020408163265
misc_RNA__RN7SL144P-201__ENSG00000242559.3__Xx41088095x41088390	18	8	17	38	misc_RNA	46	35	0.7608695652173914
rRNA_pseudogene__RNA5SP336-201__ENSG00000201059.1__11x21121511x21121628	1577	1342	440	1307	rRNA_pseudogene	2649	2017	0.7614194035485089
misc_RNA__AC111170.1-201__ENSG00000200651.1__17x78335908x78336013	9	5	4	12	misc_RNA	17	13	0.7647058823529411
miRNA__MIR7-1-201__ENSG00000284179.1__9x96120028x96120138	49	2	29	100	miRNA	102	78	0.7647058823529411
miRNA__MIR7-3-201__ENSG00000207630.1__19x4756242x4756352	99	66	64	147	miRNA	213	163	0.7652582159624414
misc_RNA__RN7SKP48-201__ENSG00000201901.1__4x88430511x88430840	56	93	42	35	misc_RNA	128	98	0.765625
rRNA_pseudogene__RNA5SP152-201__ENSG00000202054.1__4x8372910x8373020	1092	1241	386	686	rRNA_pseudogene	1927	1478	0.7669953295277634
rRNA_pseudogene__RNA5SP21-201__ENSG00000222849.1__1x77618717x77618813	131	72	37	147	rRNA_pseudogene	219	168	0.7671232876712328
rRNA_pseudogene__RNA5SP205-201__ENSG00000201523.1__6x19309897x19310033	22	3	8	36	rRNA_pseudogene	39	30	0.7692307692307693
rRNA_pseudogene__RNA5SP252-201__ENSG00000212433.1__8x9052396x9052515	42	15	12	55	rRNA_pseudogene	70	54	0.7714285714285715
rRNA_pseudogene__RNA5SP229-201__ENSG00000222741.1__7x33317632x33317731	20	5	4	26	rRNA_pseudogene	31	24	0.7741935483870968
scaRNA__AC090227.1-201__ENSG00000252139.1__18x50016134x50016217	8	11	6	7	scaRNA	18	14	0.7777777777777778
rRNA_pseudogene__RNA5SP335-201__ENSG00000200687.1__11x19521940x19522050	34	46	16	18	rRNA_pseudogene	64	50	0.78125
snRNA__RNU2-52P-201__ENSG00000222612.1__20x42755893x42756083	40	4	21	74	snRNA	78	61	0.782051282051282
misc_RNA__RN7SKP63-201__ENSG00000200057.1__22x21802736x21803037	12	0	10	28	misc_RNA	28	22	0.7857142857142857
rRNA_pseudogene__RNA5SP507-201__ENSG00000200473.1__Xx68686366x68686487	9	1	2	13	rRNA_pseudogene	14	11	0.7857142857142857
snoRNA__U8.3-201__ENSG00000200496.1__11x123329834x123329968	660	522	223	598	snoRNA	1120	883	0.7883928571428571
snRNA__RNU1-82P-201__ENSG00000212153.1__7x143043827x143043992	78	42	38	105	snRNA	147	116	0.7891156462585034
rRNA_pseudogene__RNA5SP460-201__ENSG00000252598.1__18x72973406x72973506	13	6	2	13	rRNA_pseudogene	19	15	0.7894736842105263
snRNA__RNU6-73P-201__ENSG00000207330.1__13x27049873x27049980	46	59	18	22	snRNA	81	64	0.7901234567901234
snoRNA__SNORA31-201__ENSG00000199477.1__13x44557726x44557856	144	112	55	139	snoRNA	251	199	0.7928286852589641
snoRNA__SNORA73B-201__ENSG00000200087.1__1x28350514x28350718	804	773	363	692	snoRNA	1465	1167	0.7965870307167235
misc_RNA__RN7SL767P-201__ENSG00000241529.3__3x116353867x116354162	167	292	151	106	misc_RNA	398	318	0.7989949748743719
misc_RNA__AL139406.1-201__ENSG00000201548.1__10x89469711x89469807	11	3	1	12	misc_RNA	15	12	0.8
miRNA__MIR614-201__ENSG00000283759.1__12x12789439x12789529	3	7	9	8	miRNA	15	12	0.8
misc_RNA__RN7SL515P-201__ENSG00000241406.3__13x41026799x41027096	8	0	4	15	misc_RNA	15	12	0.8
miRNA__MIR100-201__ENSG00000207994.1__11x122181219x122181299	165	121	61	161	miRNA	282	226	0.8014184397163121
snoRNA__SNORA32-201__ENSG00000206799.1__11x93647359x93647480	246	247	162	258	snoRNA	505	408	0.807920792079208
rRNA_pseudogene__RNA5SP469-201__ENSG00000201035.1__19x21251796x21251905	3940	3431	806	2431	rRNA_pseudogene	5862	4746	0.8096212896622313
snoRNA__SNORA28-201__ENSG00000272533.1__14x97573707x97573833	294	135	116	370	snoRNA	505	410	0.8118811881188119
snoRNA__SNORA19-201__ENSG00000207468.1__10x119955450x119955578	124	52	45	156	snoRNA	208	169	0.8125
Mt_rRNA__MT-RNR2-201__ENSG00000210082.2__Mx1094x2652	60111	111935	128485	119315	Mt_rRNA	231250	188596	0.8155502702702703
snRNA__RNU6-1251P-201__ENSG00000201372.1__20x45206273x45206380	8	10	6	7	snRNA	17	14	0.8235294117647058
rRNA_pseudogene__RNA5SP69-201__ENSG00000201347.1__1x177915635x177915752	13	0	2	18	rRNA_pseudogene	18	15	0.8333333333333334
snRNA__RNU6-39P-201__ENSG00000207072.1__18x69075232x69075339	340	226	98	297	snRNA	523	438	0.8374760994263862
rRNA__RNA5SP506-1__ENSG00000272351.1__1x228024268x228024388	13485	15854	2468	3161	rRNA	19015	15953	0.83896923481462
rRNA_pseudogene__RNA5SP42-201__ENSG00000201148.1__1x33974664x33974779	16	8	5	17	rRNA_pseudogene	25	21	0.84
misc_RNA__AP000769.5-201__ENSG00000278217.1__11x65496217x65496312	25	46	28	17	misc_RNA	63	53	0.8412698412698413
rRNA_pseudogene__RNA5SP426-201__ENSG00000199771.1__16x56667160x56667281	318	372	86	107	rRNA_pseudogene	479	404	0.8434237995824635
snoRNA__SNORA55-201__ENSG00000201457.1__1x39435751x39435886	43	30	13	36	snoRNA	66	56	0.8484848484848485
snoRNA__SNORA84-201__ENSG00000239183.1__9x104458989x104459122	68	38	29	75	snoRNA	113	97	0.8584070796460177
misc_RNA__RN7SL4P-201__ENSG00000263740.2__3x15740968x15741263	1335	1988	1357	1125	misc_RNA	3113	2692	0.864760681015098
snRNA__RNU2-70P-201__ENSG00000222650.1__1x235670050x235670229	8	4	5	11	snRNA	15	13	0.8666666666666667
rRNA_pseudogene__RNA5SP365-201__ENSG00000252207.1__12x89708806x89708913	8	6	5	9	rRNA_pseudogene	15	13	0.8666666666666667
misc_RNA__Y_RNA.365-201__ENSG00000206865.1__18x56955182x56955283	22	20	5	11	misc_RNA	31	27	0.8709677419354839
snRNA__RNU6-19P-201__ENSG00000207449.1__15x63362465x63362572	26	19	15	28	snRNA	47	41	0.8723404255319149
rRNA_pseudogene__RNA5SP38-201__ENSG00000222682.1__13x105375702x105375821	23	22	12	18	rRNA_pseudogene	40	35	0.875
snoRNA__AC007448.1-201__ENSG00000207410.1__17x68147217x68147356	28	0	21	56	snoRNA	56	49	0.875
snRNA__RNU6-40P-201__ENSG00000206981.1__1x31355276x31355383	20	12	9	21	snRNA	33	29	0.8787878787878788
rRNA_pseudogene__RNA5-8SP5-201__ENSG00000202174.1__2x132688739x132688891	38742	20467	9607	33926	rRNA_pseudogene	54393	48349	0.8888827606493482
snoRNA__SNORD18.2-201__ENSG00000238503.1__2x12059142x12059212	12	9	4	9	snoRNA	18	16	0.8888888888888888
rRNA_pseudogene__RNA5SP241-201__ENSG00000212628.1__7x122399029x122399143	406	469	89	86	rRNA_pseudogene	555	495	0.8918918918918919
rRNA_pseudogene__RNA5SP350-201__ENSG00000200168.1__11x111050214x111050325	222	84	76	250	rRNA_pseudogene	334	298	0.8922155688622755
rRNA_pseudogene__RNA5SP295-201__ENSG00000199525.1__9x124423414x124423535	85	63	32	68	rRNA_pseudogene	131	117	0.8931297709923665
rRNA_pseudogene__RNA5SP74-201__ENSG00000200408.1__1x203826820x203826929	5058	4538	1075	2314	rRNA_pseudogene	6852	6133	0.895067133683596
snoRNA__SNORD17-201__ENSG00000212232.1__20x18013830x18014067	152	131	96	146	snoRNA	277	248	0.8953068592057761
snoRNA__SCARNA10-201__ENSG00000239002.3__12x6520577x6520907	97	137	99	80	snoRNA	217	196	0.9032258064516129
rRNA_pseudogene__RNA5SP290-201__ENSG00000252942.1__9x111317551x111317678	135	147	12	15	rRNA_pseudogene	162	147	0.9074074074074074
rRNA_pseudogene__RNA5SP243-201__ENSG00000252866.1__7x130009880x130009915	375	472	143	95	rRNA_pseudogene	567	518	0.9135802469135802
snRNA__RNU1-55P-201__ENSG00000202380.1__20x5930405x5930563	25	8	19	40	snRNA	48	44	0.9166666666666666
misc_RNA__RN7SKP71-201__ENSG00000201428.1__12x112243984x112244302	397	605	715	601	misc_RNA	1206	1112	0.9220563847429519
rRNA_pseudogene__RNA5SP437-201__ENSG00000253058.1__17x32909671x32909800	9	12	3	1	rRNA_pseudogene	13	12	0.9230769230769231
snoRNA__SNORA52-201__ENSG00000199785.1__11x863114x863248	82	64	28	55	snoRNA	119	110	0.9243697478991597
rRNA_pseudogene__RNA5SP267-201__ENSG00000201763.1__8x59879794x59879920	812	661	296	537	rRNA_pseudogene	1198	1108	0.9248747913188647
misc_RNA__Y_RNA.518-201__ENSG00000238443.1__12x133295764x133295859	10	1	3	13	misc_RNA	14	13	0.9285714285714286
misc_RNA__VTRNA1-3-201__ENSG00000202515.1__5x141251547x141251636	51	21	11	45	misc_RNA	66	62	0.9393939393939394
rRNA_pseudogene__RNA5SP448-201__ENSG00000200021.1__17x75308143x75308254	12	15	4	2	rRNA_pseudogene	17	16	0.9411764705882353
rRNA_pseudogene__RNA5SP273-201__ENSG00000199354.1__8x91634742x91634855	155	97	37	107	rRNA_pseudogene	204	192	0.9411764705882353
miRNA__MIRLET7F1-201__ENSG00000199072.3__9x106344394x106344481	72	63	45	61	miRNA	124	117	0.9435483870967742
rRNA_pseudogene__RNA5SP519-201__ENSG00000252289.1__Yx10411991x10412110	32	22	3	15	rRNA_pseudogene	37	35	0.9459459459459459
snoRNA__SNORD74B-201__ENSG00000201025.1__21x14640251x14640324	198	162	137	192	snoRNA	354	335	0.9463276836158192
rRNA_pseudogene__RNA5SP138-201__ENSG00000201968.1__3x129297355x129297469	13	12	7	9	rRNA_pseudogene	21	20	0.9523809523809523
misc_RNA__Y_RNA.281-201__ENSG00000202273.1__7x6332015x6332118	17	3	5	20	misc_RNA	23	22	0.9565217391304348
snRNA__RNU6V-201__ENSG00000206832.1__1x109624249x109624356	39	13	11	39	snRNA	52	50	0.9615384615384616
scaRNA__SCARNA2-201__ENSG00000278249.1__1x109133058x109133478	95	55	31	76	scaRNA	131	126	0.9618320610687023
rRNA_pseudogene__RNA5SP37-201__ENSG00000202290.1__13x96569279x96569409	65	44	21	45	rRNA_pseudogene	89	86	0.9662921348314607
snRNA__RNU6-271P-201__ENSG00000200728.1__10x96992051x96992156	114	76	39	81	snRNA	157	153	0.9745222929936306
snRNA__RNU6-9-201__ENSG00000207507.1__19x856211x856318	215	158	69	132	snRNA	290	284	0.9793103448275862
snRNA__RNU6-12P-201__ENSG00000207334.1__8x120104937x120105044	275	169	65	178	snRNA	347	340	0.9798270893371758
misc_RNA__RN7SL674P-201__ENSG00000239899.3__2x11617727x11618002	105	60	57	105	misc_RNA	165	162	0.9818181818181818
misc_RNA__RN7SL508P-201__ENSG00000244112.3__12x118981354x118981657	170	160	323	340	misc_RNA	500	493	0.986
miRNA__MIR200A-201__ENSG00000207607.3__1x596459x596549	10	2	2	10	miRNA	12	12	1.0
misc_RNA__Y_RNA.542-201__ENSG00000251837.1__1x92872592x92872689	9	4	4	9	misc_RNA	13	13	1.0
rRNA_pseudogene__RNA5SP303-201__ENSG00000252001.1__10x19653360x19653490	31	26	9	14	rRNA_pseudogene	40	40	1.0
snRNA__RNU6ATAC31P-201__ENSG00000221440.1__4x91537360x91537486	22	0	12	34	snRNA	34	34	1.0
misc_RNA__Y_RNA.304-201__ENSG00000202495.1__Xx49488848x49488949	9	1	6	14	misc_RNA	15	15	1.0
rRNA_pseudogene__RNA5SP429-201__ENSG00000200558.1__16x74538676x74538785	741	319	197	613	rRNA_pseudogene	932	938	1.0064377682403434
snoRNA__SCARNA12-201__ENSG00000238795.1__12x6980811x6981081	40	21	38	55	snoRNA	76	78	1.0263157894736843
snoRNA__AC008752.1-201__ENSG00000200237.1__19x9946097x9946238	29	0	9	37	snoRNA	37	38	1.027027027027027
rRNA_pseudogene__RNA5SP486-201__ENSG00000251770.1__20x49622014x49622097	193	135	76	125	rRNA_pseudogene	260	269	1.0346153846153847
snoRNA__SNORD15B-201__ENSG00000207445.1__11x75334008x75334154	385	324	158	200	snoRNA	524	543	1.036259541984733
snoRNA__U8.9-201__ENSG00000212144.1__1x233983658x233983786	27	31	18	12	snoRNA	43	45	1.0465116279069768
snoRNA__SNORA13-201__ENSG00000238363.1__5x112671938x112672071	59	56	46	43	snoRNA	99	105	1.0606060606060606
snoRNA__SNORA72-201__ENSG00000207067.1__8x99167569x99167701	156	87	108	161	snoRNA	248	264	1.064516129032258
snRNA__RNU1-29P-201__ENSG00000271739.1__7x121321398x121321524	18	1	14	29	snRNA	30	32	1.0666666666666667
misc_RNA__RN7SKP55-201__ENSG00000201758.1__1x244360559x244360866	43	84	82	33	misc_RNA	117	125	1.0683760683760684
Mt_rRNA__MT-RNR1-201__ENSG00000211459.2__Mx71x1025	50720	62322	95026	73580	Mt_rRNA	135902	145746	1.0724345484246
snRNA__RNU1-75P-201__ENSG00000194297.2__1x119344624x119344753	10	0	3	12	snRNA	12	13	1.0833333333333333
snRNA__RNU1-56P-201__ENSG00000212605.1__Xx69454368x69454532	31	1	16	42	snRNA	43	47	1.0930232558139534
rRNA_pseudogene__RNA5SP204-201__ENSG00000201415.1__6x17594043x17594161	41	35	17	18	rRNA_pseudogene	53	58	1.0943396226415094
snRNA__RNU2-13P-201__ENSG00000251718.1__2x11594148x11594261	18	16	5	5	snRNA	21	23	1.0952380952380953
snoRNA__SNORD116-20-201__ENSG00000278715.1__15x22824320x22824412	18	0	3	19	snoRNA	19	21	1.105263157894737
misc_RNA__Y_RNA.535-201__ENSG00000239180.1__9x82478428x82478523	15	2	6	17	misc_RNA	19	21	1.105263157894737
rRNA_pseudogene__RNA5SP358-201__ENSG00000199843.1__12x38111128x38111245	7990	5824	1711	2936	rRNA_pseudogene	8760	9701	1.107420091324201
snRNA__RNU6-29P-201__ENSG00000207367.1__Xx48187467x48187574	48	25	11	28	snRNA	53	59	1.1132075471698113
snRNA__RNU6-45P-201__ENSG00000207200.1__11x63960176x63960283	72	39	25	48	snRNA	87	97	1.1149425287356323
miRNA__MIR16-1-201__ENSG00000208006.1__13x49269561x49269650	20	0	8	25	miRNA	25	28	1.12
snRNA__RNU2-17P-201__ENSG00000222222.1__1x149361842x149362032	16	2	2	14	snRNA	16	18	1.125
rRNA_pseudogene__RNA5SP207-201__ENSG00000212176.1__6x41068821x41068928	62	47	27	32	rRNA_pseudogene	79	89	1.1265822784810127
snRNA__RNU4-10P-201__ENSG00000201253.1__13x72413310x72413450	10	5	7	10	snRNA	15	17	1.1333333333333333
rRNA_pseudogene__RNA5SP435-201__ENSG00000200914.1__17x6501552x6501660	17	6	8	16	rRNA_pseudogene	22	25	1.1363636363636365
snRNA__RNVU1-29-201__ENSG00000273768.1__1x148431416x148431580	56	17	23	52	snRNA	69	79	1.144927536231884
misc_RNA__RN7SL732P-201__ENSG00000264618.2__Xx39186703x39187003	55	31	95	100	misc_RNA	131	150	1.1450381679389312
rRNA_pseudogene__RNA5SP395-201__ENSG00000252376.1__15x48271523x48271641	44	6	11	42	rRNA_pseudogene	48	55	1.1458333333333333
snRNA__RNU1-125P-201__ENSG00000252561.1__16x3095998x3096127	39	21	20	30	snRNA	51	59	1.1568627450980393
rRNA_pseudogene__RNA5SP65-201__ENSG00000200036.1__1x166351794x166351913	180	107	34	77	rRNA_pseudogene	184	214	1.1630434782608696
rRNA_pseudogene__RNA5SP208-201__ENSG00000251965.1__6x68623948x68624026	19	8	2	10	rRNA_pseudogene	18	21	1.1666666666666667
misc_RNA__Y_RNA.317-201__ENSG00000206651.1__1x155622670x155622783	20	11	6	11	misc_RNA	22	26	1.1818181818181819
snRNA__RNU1-72P-201__ENSG00000199846.1__7x130797574x130797727	8	7	5	4	snRNA	11	13	1.1818181818181819
snRNA__RNU6-22P-201__ENSG00000207083.1__16x74972293x74972400	51	16	19	43	snRNA	59	70	1.1864406779661016
snRNA__RNU6-1147P-201__ENSG00000200250.1__2x127752092x127752199	16	11	2	4	snRNA	15	18	1.2
rRNA_pseudogene__RNA5SP500-201__ENSG00000201356.1__Xx28574848x28574967	465	393	155	123	rRNA_pseudogene	516	620	1.2015503875968991
rRNA_pseudogene__RNA5SP251-201__ENSG00000222546.1__8x3455259x3455396	26	8	3	16	rRNA_pseudogene	24	29	1.2083333333333333
rRNA_pseudogene__RNA5SP319-201__ENSG00000199638.1__10x69330643x69330762	13	15	9	3	rRNA_pseudogene	18	22	1.2222222222222223
snoRNA__SNORA26-201__ENSG00000212588.1__4x56200143x56200265	70	36	22	39	snoRNA	75	92	1.2266666666666666
rRNA_pseudogene__RNA5SP77-201__ENSG00000202264.1__1x226750118x226750238	7812	4795	1896	3049	rRNA_pseudogene	7844	9708	1.2376338602753698
rRNA__5_8S_rRNA.8-201__ENSG00000283291.1__20x31368991x31369143	354	141	163	275	rRNA	416	517	1.2427884615384615
misc_RNA__RN7SL836P-201__ENSG00000241226.3__19x48479066x48479364	7	12	8	0	misc_RNA	12	15	1.25
snRNA__RNU6-905P-201__ENSG00000207163.1__3x14533388x14533495	8	0	7	12	snRNA	12	15	1.25
misc_RNA__RN7SL277P-201__ENSG00000240490.3__1x19247886x19248174	76	37	79	84	misc_RNA	121	155	1.28099173553719
miRNA__MIRLET7G-201__ENSG00000199150.3__3x52301167x52301251	21	1	10	23	miRNA	24	31	1.2916666666666667
misc_RNA__RN7SL8P-201__ENSG00000243352.3__7x106226762x106227028	34	55	100	48	misc_RNA	103	134	1.3009708737864079
rRNA_pseudogene__RNA5SP497-201__ENSG00000251890.1__22x33099263x33099360	19	8	10	14	rRNA_pseudogene	22	29	1.3181818181818181
misc_RNA__RN7SL236P-201__ENSG00000243870.3__17x79264386x79264670	27	0	10	28	misc_RNA	28	37	1.3214285714285714
snRNA__RNU2-23P-201__ENSG00000222477.1__11x65140872x65141067	337	175	166	204	snRNA	379	503	1.3271767810026385
miRNA__MIR1244-4-202__ENSG00000283475.1__12x11981077x11981162	9	0	7	12	miRNA	12	16	1.3333333333333333
snoRNA__AC023950.1-201__ENSG00000207407.1__11x19711193x19711329	118	43	30	66	snoRNA	109	148	1.3577981651376148
misc_RNA__RN7SKP90-201__ENSG00000199883.1__11x16939637x16939972	15	0	34	36	misc_RNA	36	49	1.3611111111111112
snoRNA__SNORA63B-201__ENSG00000200418.1__3x189608352x189608475	13	0	2	11	snoRNA	11	15	1.3636363636363635
misc_RNA__RN7SL1-201__ENSG00000276168.1__14x43784831x43785130	32573	22155	24150	19297	misc_RNA	41452	56723	1.3684020071407894
snRNA__RNU6-3P-201__ENSG00000207041.1__Xx139435414x139435521	42	15	2	17	snRNA	32	44	1.375
rRNA_pseudogene__RNA5SP258-201__ENSG00000199620.1__8x26412515x26412634	36	17	7	14	rRNA_pseudogene	31	43	1.3870967741935485
snRNA__RNU2-19P-201__ENSG00000253097.1__1x204831260x204831344	18	18	17	7	snRNA	25	35	1.4
rRNA_pseudogene__RNA5SP392-201__ENSG00000252714.1__15x38138408x38138520	78	12	37	70	rRNA_pseudogene	82	115	1.4024390243902438
rRNA_pseudogene__RNA5SP248-201__ENSG00000202472.1__7x141700352x141700479	3108	2347	875	489	rRNA_pseudogene	2836	3983	1.4044428772919606
misc_RNA__RN7SKP160-201__ENSG00000200674.1__1x173149716x173150056	96	112	220	113	misc_RNA	225	316	1.4044444444444444
snoRNA__SNORA53-201__ENSG00000212443.1__12x98572601x98572850	434	187	142	218	snoRNA	405	576	1.4222222222222223
rRNA_pseudogene__RNA5SP132-201__ENSG00000201595.1__3x51725974x51726092	745	430	204	236	rRNA_pseudogene	666	949	1.424924924924925
rRNA_pseudogene__RNA5SP366-201__ENSG00000202324.1__12x99056813x99056936	39	16	18	24	rRNA_pseudogene	40	57	1.425
snoRNA__AL590730.2-201__ENSG00000274458.1__10x36469909x36470037	73	12	54	77	snoRNA	89	127	1.4269662921348314
miRNA__AC114498.2-201__ENSG00000278791.1__Mx6576x6665	233	325	592	253	miRNA	578	825	1.4273356401384083
misc_RNA__RN7SKP193-201__ENSG00000201358.1__14x44273757x44274063	129	32	99	127	misc_RNA	159	228	1.4339622641509433
rRNA_pseudogene__RNA5SP97-201__ENSG00000201876.1__2x73976584x73976668	13	1	13	17	rRNA_pseudogene	18	26	1.4444444444444444
rRNA_pseudogene__RNA5SP357-201__ENSG00000272435.1__12x34083332x34083451	3084	1779	669	818	rRNA_pseudogene	2597	3753	1.445128994994224
misc_RNA__RN7SL3-201__ENSG00000278771.1__14x44058838x44059137	288	103	195	229	misc_RNA	332	483	1.4548192771084338
rRNA_pseudogene__RNA5SP457-201__ENSG00000200527.1__18x50148000x50148124	12	4	10	11	rRNA_pseudogene	15	22	1.4666666666666666
snoRNA__SNORD116-15-201__ENSG00000207174.1__15x22817945x22818037	28	16	19	16	snoRNA	32	47	1.46875
misc_RNA__RN7SL151P-201__ENSG00000244230.3__9x21713505x21713788	24	4	10	19	misc_RNA	23	34	1.4782608695652173
misc_RNA__RN7SKP174-201__ENSG00000200673.1__7x146030552x146030882	3	31	61	12	misc_RNA	43	64	1.4883720930232558
misc_RNA__RN7SKP176-201__ENSG00000260682.3__16x88025676x88025982	10	0	13	15	misc_RNA	15	23	1.5333333333333334
rRNA_pseudogene__RNA5SP256-201__ENSG00000212280.1__8x18015276x18015389	17	6	5	8	rRNA_pseudogene	14	22	1.5714285714285714
misc_RNA__AL049766.1-201__ENSG00000274760.1__20x51048613x51048706	11	2	8	10	misc_RNA	12	19	1.5833333333333333
snRNA__RNU6-32P-201__ENSG00000206675.1__4x39267227x39267334	520	178	108	216	snRNA	394	628	1.5939086294416243
rRNA_pseudogene__RNA5SP218-201__ENSG00000200058.1__6x135445157x135445266	98	14	49	78	rRNA_pseudogene	92	147	1.5978260869565217
rRNA_pseudogene__RNA5SP183-201__ENSG00000199322.1__5x56605754x56605873	23	4	1	11	rRNA_pseudogene	15	24	1.6
snoRNA__SNORA81-201__ENSG00000221420.2__3x189608704x189608882	81	40	49	39	snoRNA	79	130	1.6455696202531647
misc_RNA__RN7SL5P-201__ENSG00000265735.2__9x9453223x9453544	14	9	6	3	misc_RNA	12	20	1.6666666666666667
misc_RNA__RN7SL296P-201__ENSG00000275090.1__3x33104777x33105076	24	6	29	25	misc_RNA	31	53	1.7096774193548387
misc_RNA__RNY4P13-201__ENSG00000207011.1__17x31002387x31002483	25	13	6	5	misc_RNA	18	31	1.7222222222222223
snRNA__RNU2-41P-201__ENSG00000222923.1__2x114845622x114845800	21	9	16	12	snRNA	21	37	1.7619047619047619
misc_RNA__Y_RNA.308-201__ENSG00000202533.1__5x132987965x132988076	32	13	11	11	misc_RNA	24	43	1.7916666666666667
rRNA_pseudogene__RNA5SP522-201__ENSG00000251953.1__Yx18466311x18466427	25	8	4	8	rRNA_pseudogene	16	29	1.8125
miRNA__MIR663A-201__ENSG00000284419.1__20x26211935x26212028	109	51	78	50	miRNA	101	187	1.8514851485148516
snoRNA__SNORA24B-201__ENSG00000206903.1__15x63094813x63094944	41	0	9	27	snoRNA	27	50	1.8518518518518519
Mt_rRNA__MT-RNR1-1__ENSG00000211459.2__11x10593732x10594684	842	371	1278	765	Mt_rRNA	1136	2120	1.8661971830985915
misc_RNA__RN7SKP203-201__ENSG00000200488.1__2x76451860x76452192	14	1	42	28	misc_RNA	29	56	1.9310344827586208
rRNA__5_8S_rRNA.9-201__ENSG00000283568.1__20x30927351x30927503	530	57	301	345	rRNA	402	831	2.0671641791044775
misc_RNA__RN7SKP180-201__ENSG00000200783.1__17x73536850x73537180	19	15	17	2	misc_RNA	17	36	2.1176470588235294
rRNA_pseudogene__RNA5SP450-201__ENSG00000223138.1__18x10087277x10087379	30	10	9	8	rRNA_pseudogene	18	39	2.1666666666666665
misc_RNA__RN7SL49P-201__ENSG00000265802.2__13x44222241x44222539	149	66	158	66	misc_RNA	132	307	2.3257575757575757
misc_RNA__RN7SKP229-201__ENSG00000222397.1__1x181194886x181195188	21	6	20	11	misc_RNA	17	41	2.411764705882353
misc_RNA__Y_RNA.13-201__ENSG00000199357.1__18x23650439x23650536	129	34	27	25	misc_RNA	59	156	2.6440677966101696
misc_RNA__RN7SL597P-201__ENSG00000244264.3__13x40341003x40341299	72	13	34	27	misc_RNA	40	106	2.65
misc_RNA__RN7SL838P-201__ENSG00000243562.3__11x485742x486037	12	4	25	9	misc_RNA	13	37	2.8461538461538463
miRNA__MIRLET7F2-201__ENSG00000208012.1__Xx52843549x52843632	43	0	17	21	miRNA	21	60	2.857142857142857
misc_RNA__RN7SKP255-201__ENSG00000200312.1__14x83936333x83936646	236	54	219	105	misc_RNA	159	455	2.861635220125786
miRNA__MIR10A-201__ENSG00000284038.1__17x49443426x49443536	33	1	9	13	miRNA	14	42	3.0
misc_RNA__RN7SL396P-201__ENSG00000244642.3__8x120991499x120991794	20	5	32	12	misc_RNA	17	52	3.0588235294117645
misc_RNA__RN7SL308P-201__ENSG00000243951.1__8x81208244x81208541	70	14	53	26	misc_RNA	40	123	3.075
misc_RNA__RN7SL660P-201__ENSG00000278746.1__14x26640121x26640420	21	4	20	8	misc_RNA	12	41	3.4166666666666665
snRNA__RNU2-55P-201__ENSG00000223078.1__21x21637807x21637981	69	2	25	25	snRNA	27	94	3.4814814814814814
misc_RNA__RN7SL230P-201__ENSG00000264916.2__1x179255982x179256285	189	78	785	181	misc_RNA	259	974	3.7606177606177607
miRNA__MIR663B-201__ENSG00000221288.1__2x132692551x132692666	28	0	21	12	miRNA	12	49	4.083333333333333
misc_RNA__RN7SL2-201__ENSG00000274012.1__14x44067775x44068075	20955	2151	14455	5680	misc_RNA	7831	35410	4.521772442855319
